1751978077622 488.0 0
1751978122097 1500.0 0
1751978164678 1500.0 0
1751978210056 1500.0 0
1751978253620 1500.0 0
1751978283249 969.0 0
1751978331887 1500.0 0
1751978378561 1500.0 0
1751978424291 1500.0 0
1751978475634 1500.0 0
1751978530619 1500.0 0
1751978554108 732.0 0
1751978603779 1500.0 0
1751978652271 1500.0 0
1751978659319 190.0 0
1751978706527 1500.0 0
1751978755144 1500.0 0
1751978803171 1500.0 0
1751978848061 1500.0 0
1751978899834 1500.0 0
1751978953300 1500.0 0
1751979006162 1500.0 0
1751979061855 1500.0 0
1751979083062 625.0 0
1751979139031 1500.0 0
1751979187322 1500.0 0
1751979233947 1500.0 0
1751979278963 1500.0 0
1751979326858 1500.0 0
1751979377223 1500.0 0
1751979400797 711.0 0
1751979408281 252.0 0
1751979460560 1500.0 0
1751979513616 1500.0 0
1751979569302 1500.0 0
1751979617363 1500.0 0
