1751978077622 0.0021047729533165693 0
1751978122097 0.00036561815068125725 0
1751978164678 0.0003625420795287937 0
1751978210056 0.0 0
1751978253620 0.00034584314562380314 0
1751978283249 0.0015441796276718378 0
1751978331887 0.0 0
1751978378561 0.00036171198007650673 0
1751978424291 0.00030971100204624236 0
1751978475634 0.00036561815068125725 0
1751978530619 0.0003444759931880981 0
1751978554108 0.0021006709430366755 0
1751978603779 0.00036600878229364753 0
1751978652271 0.0 0
1751978659319 0.0056356885470449924 0
1751978706527 0.00035160474362783134 0
1751978755144 0.00036327444831840694 0
1751978803171 0.0 0
1751978848061 0.0003655693435575813 0
1751978899834 0.0003626396937761456 0
1751978953300 0.0003653252206277102 0
1751979006162 0.00035082350950688124 0
1751979061855 0.00036561815068125725 0
1751979083062 0.0024900706484913826 0
1751979139031 0.0 0
1751979187322 0.0 0
1751979233947 0.00036595994606614113 0
1751979278963 0.00036615526187233627 0
1751979326858 0.0003600030322559178 0
1751979377223 0.0002976995019707829 0
1751979400797 0.002167248399928212 0
1751979408281 0.006384448613971472 0
1751979460560 0.0 0
1751979513616 0.0003631768049672246 0
1751979569302 0.00035824524820782244 0
1751979617363 0.00036615526187233627 0
