1751978077622 0.0008955944795161486 0
1751978122097 8.306687232106924e-05 0
1751978164678 8.16750034573488e-05 0
1751978210056 0.0 0
1751978253620 7.432427810272202e-05 0
1751978283249 0.0005157740670256317 0
1751978331887 0.0 0
1751978378561 8.130141941364855e-05 0
1751978424291 5.9605408750940114e-05 0
1751978475634 8.306687232106924e-05 0
1751978530619 7.373781409114599e-05 0
1751978554108 0.0007251365459524095 0
1751978603779 8.324446389451623e-05 0
1751978652271 0.0 0
1751978659319 0.002499934518709779 0
1751978706527 7.682132854824886e-05 0
1751978755144 8.200533193303272e-05 0
1751978803171 0.0 0
1751978848061 8.30446879263036e-05 0
1751978899834 8.171900844899938e-05 0
1751978953300 8.293381688417867e-05 0
1751979006162 7.648033351870254e-05 0
1751979061855 8.306687232106924e-05 0
1751979083062 0.0008721689227968454 0
1751979139031 0.0 0
1751979187322 0.0 0
1751979233947 8.322225767187774e-05 0
1751979278963 8.331111166626215e-05 0
1751979326858 8.053500641835853e-05 0
1751979377223 5.5071715905796736e-05 0
1751979400797 0.0007502065855078399 0
1751979408281 0.0023452371824532747 0
1751979460560 0.0 0
1751979513616 8.196124690584838e-05 0
1751979569302 7.975046901265159e-05 0
1751979617363 8.331111166626215e-05 0
