1751978077622 0.9349333333333334 0
1751978122097 0.4992 0
1751978164678 0.495 0
1751978210056 0.0 0
1751978253620 0.4722 0
1751978283249 1.362 0
1751978331887 0.0 0
1751978378561 0.4938666666666667 0
1751978424291 0.42286666666666667 0
1751978475634 0.4992 0
1751978530619 0.4703333333333333 0
1751978554108 1.3996666666666666 0
1751978603779 0.4997333333333333 0
1751978652271 0.0 0
1751978659319 0.9746666666666667 0
1751978706527 0.48006666666666664 0
1751978755144 0.496 0
1751978803171 0.0 0
1751978848061 0.4991333333333333 0
1751978899834 0.4951333333333333 0
1751978953300 0.4988 0
1751979006162 0.479 0
1751979061855 0.4992 0
1751979083062 1.4165999999999999 0
1751979139031 0.0 0
1751979187322 0.0 0
1751979233947 0.49966666666666665 0
1751979278963 0.49993333333333334 0
1751979326858 0.4915333333333333 0
1751979377223 0.40646666666666664 0
1751979400797 1.4026 0
1751979408281 1.4644666666666666 0
1751979460560 0.0 0
1751979513616 0.4958666666666667 0
1751979569302 0.4891333333333333 0
1751979617363 0.49993333333333334 0
