1752013349939 1500.0 0
1752013382553 1500.0 0
1752013423920 1500.0 0
1752013458269 1365.0 0
1752013473876 1500.0 0
1752013489509 1500.0 0
1752013504959 1500.0 0
1752013520493 1500.0 0
1752013524323 367.0 0
1752013539789 1500.0 0
1752013555154 1500.0 0
1752013570508 1500.0 0
1752013585799 1500.0 0
1752013600999 1500.0 0
1752013616210 1500.0 0
1752013631325 1500.0 0
1752013646509 1500.0 0
1752013661648 1500.0 0
1752013676856 1500.0 0
1752013691989 1500.0 0
1752013707410 1500.0 0
1752013722758 1500.0 0
1752013736854 1377.0 0
1752013752441 1500.0 0
1752013768166 1500.0 0
1752013783691 1500.0 0
1752013799224 1500.0 0
1752013814801 1500.0 0
1752013828321 1321.0 0
1752013843719 1500.0 0
1752013858664 1500.0 0
1752013873974 1500.0 0
1752013889189 1500.0 0
1752013904499 1500.0 0
1752013919814 1500.0 0
1752013935008 1500.0 0
1752013950328 1500.0 0
1752013965829 1500.0 0
1752013981304 1500.0 0
1752013996796 1500.0 0
1752014012471 1500.0 0
1752014027992 1500.0 0
1752014043561 1500.0 0
1752014059141 1500.0 0
1752014074712 1500.0 0
1752014090153 1500.0 0
1752014101522 1120.0 0
1752014116687 1500.0 0
1752014128888 1190.0 0
1752014144374 1500.0 0
1752014159527 1500.0 0
1752014174695 1500.0 0
1752014189925 1500.0 0
1752014205224 1500.0 0
1752014220545 1500.0 0
1752014231759 1089.0 0
1752014247105 1500.0 0
1752014262371 1500.0 0
1752014277962 1500.0 0
1752014293588 1500.0 0
1752014298423 460.0 0
1752014310644 1178.0 0
1752014324292 1316.0 0
1752014339461 1500.0 0
1752014354468 1500.0 0
1752014370270 1500.0 0
1752014387015 1500.0 0
1752014402895 1500.0 0
1752014418279 1500.0 0
1752014427278 868.0 0
1752014442701 1500.0 0
1752014451422 849.0 0
1752014466810 1500.0 0
1752014482085 1500.0 0
1752014497531 1500.0 0
1752014512939 1500.0 0
1752014522795 964.0 0
1752014538037 1500.0 0
1752014553410 1500.0 0
1752014568664 1500.0 0
1752014583924 1500.0 0
1752014599087 1500.0 0
1752014614417 1500.0 0
1752014629682 1500.0 0
1752014644904 1500.0 0
1752014660123 1500.0 0
1752014675475 1500.0 0
1752014690822 1500.0 0
1752014706034 1500.0 0
1752014721204 1500.0 0
1752014736459 1500.0 0
1752014751784 1500.0 0
1752014760962 888.0 0
1752014776340 1500.0 0
1752014791492 1500.0 0
1752014806763 1500.0 0
1752014822034 1500.0 0
1752014837240 1500.0 0
1752014852551 1500.0 0
1752014867797 1500.0 0
1752014882934 1500.0 0
1752014898173 1500.0 0
1752014913661 1500.0 0
1752014928922 1500.0 0
1752014944269 1500.0 0
1752014959752 1500.0 0
1752014975236 1500.0 0
1752014988108 1253.0 0
1752015002572 1400.0 0
1752015017950 1500.0 0
1752015033208 1500.0 0
1752015048511 1500.0 0
1752015063763 1500.0 0
1752015078938 1500.0 0
1752015087701 860.0 0
1752015102936 1500.0 0
1752015118184 1500.0 0
1752015133431 1500.0 0
1752015148606 1500.0 0
1752015163368 1441.0 0
1752015169694 614.0 0
1752015184957 1500.0 0
1752015200242 1500.0 0
1752015215610 1500.0 0
1752015231008 1500.0 0
1752015246290 1500.0 0
1752015261655 1500.0 0
1752015277034 1500.0 0
1752015292357 1500.0 0
1752015300730 820.0 0
1752015315977 1500.0 0
1752015331207 1500.0 0
1752015344419 1305.0 0
1752015359698 1500.0 0
1752015374960 1500.0 0
1752015390262 1500.0 0
1752015405607 1500.0 0
1752015420898 1500.0 0
1752015436128 1500.0 0
1752015451562 1500.0 0
1752015466840 1500.0 0
1752015482361 1500.0 0
1752015497832 1500.0 0
1752015504788 672.0 0
1752015520090 1500.0 0
1752015535376 1500.0 0
1752015550669 1500.0 0
1752015564867 1393.0 0
1752015580211 1500.0 0
1752015595450 1500.0 0
1752015610674 1500.0 0
1752015622722 1174.0 0
1752015638102 1500.0 0
1752015653489 1500.0 0
1752015668857 1500.0 0
1752015684283 1500.0 0
1752015699649 1500.0 0
1752015715032 1500.0 0
1752015724482 915.0 0
1752015739867 1500.0 0
1752015755233 1500.0 0
1752015760781 535.0 0
1752015775993 1500.0 0
1752015791297 1500.0 0
1752015806586 1500.0 0
1752015821977 1500.0 0
1752015837270 1500.0 0
1752015852513 1500.0 0
1752015867867 1500.0 0
1752015883279 1500.0 0
1752015898647 1500.0 0
1752015913987 1500.0 0
1752015929462 1500.0 0
1752015944866 1500.0 0
1752015960192 1500.0 0
1752015975548 1500.0 0
1752015990836 1500.0 0
1752016006103 1500.0 0
1752016021303 1500.0 0
1752016036455 1500.0 0
1752016051805 1500.0 0
1752016067102 1500.0 0
1752016075685 834.0 0
1752016090930 1500.0 0
1752016106279 1500.0 0
1752016113275 668.0 0
1752016128711 1500.0 0
1752016144110 1500.0 0
1752016159473 1500.0 0
1752016175037 1500.0 0
1752016190466 1500.0 0
1752016205746 1500.0 0
1752016221088 1500.0 0
1752016236392 1500.0 0
1752016251678 1500.0 0
1752016266899 1500.0 0
1752016282219 1500.0 0
1752016297626 1500.0 0
1752016312902 1500.0 0
1752016328208 1500.0 0
1752016343607 1500.0 0
1752016359039 1500.0 0
1752016374349 1500.0 0
1752016389688 1500.0 0
1752016405088 1500.0 0
1752016420454 1500.0 0
1752016436012 1500.0 0
1752016451405 1500.0 0
1752016466792 1500.0 0
1752016482025 1500.0 0
1752016497212 1500.0 0
1752016512442 1500.0 0
1752016527721 1500.0 0
1752016542986 1500.0 0
1752016558316 1500.0 0
1752016573718 1500.0 0
1752016588975 1500.0 0
1752016604251 1500.0 0
1752016619630 1500.0 0
1752016634935 1500.0 0
1752016643282 808.0 0
1752016658696 1500.0 0
1752016671386 1236.0 0
1752016686707 1500.0 0
1752016695118 818.0 0
1752016710471 1500.0 0
1752016725961 1500.0 0
1752016741300 1500.0 0
1752016757094 1500.0 0
1752016773023 1500.0 0
1752016788444 1500.0 0
1752016803963 1500.0 0
1752016819235 1500.0 0
1752016834648 1500.0 0
1752016850013 1500.0 0
1752016865462 1500.0 0
1752016872469 680.0 0
1752016887852 1500.0 0
1752016903310 1500.0 0
1752016918729 1500.0 0
1752016934160 1500.0 0
1752016949561 1500.0 0
1752016964932 1500.0 0
1752016980200 1500.0 0
1752016995477 1500.0 0
1752017010791 1500.0 0
1752017026065 1500.0 0
1752017039514 1317.0 0
1752017054830 1500.0 0
1752017070096 1500.0 0
1752017085400 1500.0 0
1752017090180 465.0 0
1752017105514 1500.0 0
1752017120819 1500.0 0
1752017136284 1500.0 0
1752017151657 1500.0 0
1752017167131 1500.0 0
1752017182420 1500.0 0
1752017197627 1500.0 0
1752017212881 1500.0 0
1752017228164 1500.0 0
1752017243450 1500.0 0
1752017258826 1500.0 0
1752017274051 1500.0 0
1752017281002 676.0 0
1752017296208 1500.0 0
1752017311657 1500.0 0
1752017327139 1500.0 0
1752017342513 1500.0 0
1752017357896 1500.0 0
1752017373528 1500.0 0
1752017388967 1500.0 0
1752017400172 1082.0 0
1752017415652 1500.0 0
1752017431059 1500.0 0
1752017446440 1500.0 0
1752017461835 1500.0 0
1752017477243 1500.0 0
1752017492468 1500.0 0
1752017507839 1500.0 0
1752017523144 1500.0 0
1752017538419 1500.0 0
1752017553908 1500.0 0
1752017569407 1500.0 0
1752017584778 1500.0 0
1752017600110 1500.0 0
1752017615337 1500.0 0
1752017626924 1121.0 0
1752017641603 1424.0 0
1752017657098 1500.0 0
1752017672495 1500.0 0
1752017687927 1500.0 0
1752017703145 1500.0 0
1752017718422 1500.0 0
1752017733875 1500.0 0
1752017749170 1500.0 0
1752017764376 1500.0 0
1752017779620 1500.0 0
1752017794994 1500.0 0
1752017810345 1500.0 0
1752017825636 1500.0 0
1752017841017 1500.0 0
1752017856450 1500.0 0
1752017871851 1500.0 0
1752017887252 1500.0 0
1752017902634 1500.0 0
1752017918076 1500.0 0
1752017933475 1500.0 0
1752017948701 1500.0 0
1752017964032 1500.0 0
1752017979384 1500.0 0
1752017988083 841.0 0
1752018003457 1500.0 0
1752018013205 950.0 0
1752018028601 1500.0 0
1752018043936 1500.0 0
1752018059351 1500.0 0
1752018074761 1500.0 0
1752018090196 1500.0 0
1752018105650 1500.0 0
1752018121067 1500.0 0
1752018128834 751.0 0
1752018144239 1500.0 0
1752018159456 1500.0 0
1752018174770 1500.0 0
1752018189970 1500.0 0
1752018205250 1500.0 0
1752018213567 813.0 0
1752018228992 1500.0 0
1752018244241 1500.0 0
1752018257919 1341.0 0
1752018273239 1500.0 0
1752018288575 1500.0 0
1752018303825 1500.0 0
1752018319123 1500.0 0
1752018334596 1500.0 0
1752018346487 1157.0 0
1752018361758 1500.0 0
1752018377084 1500.0 0
1752018392447 1500.0 0
1752018407821 1500.0 0
1752018423156 1500.0 0
1752018438454 1500.0 0
1752018453824 1500.0 0
1752018469163 1500.0 0
1752018484489 1500.0 0
1752018499833 1500.0 0
1752018515235 1500.0 0
1752018530760 1500.0 0
1752018546086 1500.0 0
1752018561505 1500.0 0
1752018572446 1040.0 0
1752018587960 1500.0 0
1752018603495 1500.0 0
1752018618901 1500.0 0
1752018634187 1500.0 0
1752018649409 1500.0 0
1752018664777 1500.0 0
1752018679989 1500.0 0
1752018695147 1500.0 0
1752018710500 1500.0 0
1752018725835 1500.0 0
1752018738748 1259.0 0
1752018754147 1500.0 0
1752018769492 1500.0 0
1752018781398 1147.0 0
1752018796880 1500.0 0
1752018812324 1500.0 0
1752018822993 1036.0 0
1752018838462 1500.0 0
1752018853940 1500.0 0
1752018869314 1500.0 0
1752018883230 1349.0 0
1752018898563 1500.0 0
1752018904775 606.0 0
1752018911334 633.0 0
1752018926633 1500.0 0
1752018942051 1500.0 0
1752018957339 1500.0 0
1752018972581 1500.0 0
1752018987980 1500.0 0
1752019003483 1500.0 0
1752019018825 1500.0 0
1752019034251 1500.0 0
1752019049702 1500.0 0
1752019065165 1500.0 0
1752019080679 1500.0 0
1752019096070 1500.0 0
1752019111415 1500.0 0
1752019126758 1500.0 0
1752019142152 1500.0 0
1752019151298 891.0 0
1752019166726 1500.0 0
1752019182157 1500.0 0
1752019197552 1500.0 0
1752019212880 1500.0 0
1752019228251 1500.0 0
1752019243640 1500.0 0
1752019258983 1500.0 0
1752019274397 1500.0 0
1752019289941 1500.0 0
1752019305419 1500.0 0
1752019321016 1500.0 0
1752019336486 1500.0 0
1752019351882 1500.0 0
1752019367331 1500.0 0
1752019382673 1500.0 0
1752019397964 1500.0 0
1752019408026 976.0 0
1752019423466 1500.0 0
1752019438738 1500.0 0
1752019454015 1500.0 0
1752019469483 1500.0 0
1752019484883 1500.0 0
1752019500316 1500.0 0
1752019515709 1500.0 0
1752019525007 900.0 0
1752019540531 1500.0 0
1752019555966 1500.0 0
1752019571300 1500.0 0
1752019586700 1500.0 0
1752019602064 1500.0 0
1752019617380 1500.0 0
1752019632739 1500.0 0
1752019648117 1500.0 0
1752019663504 1500.0 0
1752019678994 1500.0 0
1752019694405 1500.0 0
1752019709928 1500.0 0
1752019722653 1250.0 0
1752019737891 1500.0 0
1752019747836 973.0 0
1752019763300 1500.0 0
1752019778938 1500.0 0
1752019794509 1500.0 0
1752019810058 1500.0 0
1752019825397 1500.0 0
1752019840715 1500.0 0
1752019855970 1500.0 0
1752019871256 1500.0 0
1752019886543 1500.0 0
1752019901941 1500.0 0
1752019917201 1500.0 0
1752019930517 1305.0 0
1752019945888 1500.0 0
1752019961442 1500.0 0
1752019969705 801.0 0
1752019978756 879.0 0
1752019994134 1500.0 0
1752020009478 1500.0 0
1752020024916 1500.0 0
1752020040315 1500.0 0
1752020055723 1500.0 0
1752020071049 1500.0 0
1752020086503 1500.0 0
1752020101727 1500.0 0
1752020117018 1500.0 0
1752020132324 1500.0 0
1752020147735 1500.0 0
1752020163073 1500.0 0
1752020178544 1500.0 0
1752020193825 1500.0 0
1752020209049 1500.0 0
1752020224530 1500.0 0
1752020239984 1500.0 0
1752020255410 1500.0 0
1752020270863 1500.0 0
1752020286422 1500.0 0
1752020301818 1500.0 0
1752020312526 1041.0 0
1752020325852 1286.0 0
1752020341199 1500.0 0
1752020356547 1500.0 0
1752020372492 1500.0 0
1752020387984 1500.0 0
1752020400737 1243.0 0
1752020416146 1500.0 0
1752020431738 1500.0 0
1752020440541 848.0 0
1752020455859 1500.0 0
1752020471279 1500.0 0
1752020486737 1500.0 0
1752020502196 1500.0 0
1752020517694 1500.0 0
1752020531904 1369.0 0
1752020543259 1099.0 0
1752020558717 1500.0 0
1752020574162 1500.0 0
1752020589461 1500.0 0
1752020604824 1500.0 0
1752020619853 1471.0 0
1752020635095 1500.0 0
1752020650321 1500.0 0
1752020665754 1500.0 0
1752020681136 1500.0 0
1752020695591 1406.0 0
1752020708781 1272.0 0
1752020718425 940.0 0
1752020733927 1500.0 0
1752020749441 1500.0 0
1752020764920 1500.0 0
1752020780312 1500.0 0
1752020795729 1500.0 0
1752020810133 1407.0 0
1752020825429 1500.0 0
1752020840657 1500.0 0
1752020855902 1500.0 0
1752020871276 1500.0 0
1752020886098 1456.0 0
1752020901422 1500.0 0
1752020916813 1500.0 0
1752020932093 1500.0 0
1752020947546 1500.0 0
1752020962932 1500.0 0
1752020978425 1500.0 0
1752020993907 1500.0 0
1752021000319 614.0 0
1752021010800 1015.0 0
1752021026259 1500.0 0
1752021037769 1119.0 0
1752021053099 1500.0 0
1752021068465 1500.0 0
1752021083837 1500.0 0
1752021099210 1500.0 0
1752021114606 1500.0 0
1752021130081 1500.0 0
1752021145408 1500.0 0
1752021160786 1500.0 0
1752021176161 1500.0 0
1752021191579 1500.0 0
1752021201402 955.0 0
1752021216812 1500.0 0
1752021232329 1500.0 0
1752021246706 1378.0 0
1752021262175 1500.0 0
1752021277774 1500.0 0
1752021293309 1500.0 0
1752021303574 997.0 0
1752021319052 1500.0 0
1752021332217 1265.0 0
1752021347668 1500.0 0
1752021363027 1500.0 0
1752021378332 1500.0 0
1752021393662 1500.0 0
1752021409060 1500.0 0
1752021424413 1500.0 0
1752021439694 1500.0 0
1752021455181 1500.0 0
1752021470612 1500.0 0
1752021485966 1500.0 0
1752021501354 1500.0 0
1752021516735 1500.0 0
1752021521739 480.0 0
1752021533044 1105.0 0
1752021548382 1500.0 0
1752021563690 1500.0 0
1752021579075 1500.0 0
1752021594418 1500.0 0
1752021609689 1500.0 0
1752021621709 1177.0 0
1752021636998 1500.0 0
1752021652341 1500.0 0
1752021667630 1500.0 0
1752021682926 1500.0 0
1752021698441 1500.0 0
1752021712675 1376.0 0
1752021728178 1500.0 0
1752021743553 1500.0 0
1752021756382 1258.0 0
1752021771645 1500.0 0
1752021786891 1500.0 0
1752021802181 1500.0 0
1752021817566 1500.0 0
1752021832847 1500.0 0
1752021848183 1500.0 0
1752021863608 1500.0 0
1752021879125 1500.0 0
1752021894542 1500.0 0
1752021909982 1500.0 0
1752021925332 1500.0 0
1752021940840 1500.0 0
1752021956289 1500.0 0
1752021971735 1500.0 0
1752021983034 1097.0 0
1752021998429 1500.0 0
1752022013822 1500.0 0
1752022029085 1500.0 0
1752022044385 1500.0 0
1752022059762 1500.0 0
1752022070858 1076.0 0
1752022086351 1500.0 0
1752022101722 1500.0 0
1752022117241 1500.0 0
1752022132605 1500.0 0
1752022148174 1500.0 0
1752022163694 1500.0 0
1752022179302 1500.0 0
1752022194996 1500.0 0
1752022210659 1500.0 0
1752022225169 1408.0 0
1752022240477 1500.0 0
1752022255882 1500.0 0
1752022265642 950.0 0
1752022281001 1500.0 0
1752022296404 1500.0 0
1752022311797 1500.0 0
1752022327207 1500.0 0
1752022342631 1500.0 0
1752022358146 1500.0 0
1752022373513 1500.0 0
1752022387515 1345.0 0
1752022402916 1500.0 0
1752022418300 1500.0 0
1752022433619 1500.0 0
1752022449044 1500.0 0
1752022464399 1500.0 0
1752022479757 1500.0 0
1752022495259 1500.0 0
1752022510688 1500.0 0
1752022526028 1500.0 0
1752022541236 1500.0 0
1752022556534 1500.0 0
1752022572147 1500.0 0
1752022587655 1500.0 0
1752022603228 1500.0 0
1752022618617 1500.0 0
1752022634132 1500.0 0
1752022649471 1500.0 0
1752022664814 1500.0 0
1752022680266 1500.0 0
1752022695712 1500.0 0
1752022711021 1500.0 0
1752022726441 1500.0 0
1752022741862 1500.0 0
1752022757151 1500.0 0
1752022772556 1500.0 0
1752022787924 1500.0 0
1752022803268 1500.0 0
1752022818618 1500.0 0
1752022834023 1500.0 0
1752022849276 1500.0 0
1752022864632 1500.0 0
1752022879900 1500.0 0
1752022886684 654.0 0
1752022901983 1500.0 0
1752022917316 1500.0 0
1752022932828 1500.0 0
1752022948283 1500.0 0
1752022963646 1500.0 0
1752022978975 1500.0 0
1752022986161 699.0 0
1752023001634 1500.0 0
1752023017036 1500.0 0
1752023028590 1127.0 0
1752023032762 397.0 0
1752023048139 1500.0 0
1752023063662 1500.0 0
1752023079119 1500.0 0
1752023094538 1500.0 0
1752023109927 1500.0 0
1752023125296 1500.0 0
1752023140786 1500.0 0
1752023156234 1500.0 0
1752023171660 1500.0 0
1752023187099 1500.0 0
1752023202573 1500.0 0
1752023216442 1346.0 0
1752023231740 1500.0 0
1752023247111 1500.0 0
1752023262534 1500.0 0
1752023277758 1500.0 0
1752023293217 1500.0 0
1752023308593 1500.0 0
1752023318406 953.0 0
1752023333646 1500.0 0
1752023349015 1500.0 0
1752023364355 1500.0 0
1752023379971 1500.0 0
1752023395411 1500.0 0
1752023410914 1500.0 0
1752023426272 1500.0 0
1752023441649 1500.0 0
1752023456935 1500.0 0
1752023472302 1500.0 0
1752023487679 1500.0 0
1752023503019 1500.0 0
1752023518322 1500.0 0
1752023525348 677.0 0
1752023540747 1500.0 0
1752023556123 1500.0 0
1752023571586 1500.0 0
1752023586999 1500.0 0
1752023602546 1500.0 0
1752023617939 1500.0 0
1752023633413 1500.0 0
1752023648931 1500.0 0
1752023664259 1500.0 0
1752023672371 787.0 0
1752023687778 1500.0 0
1752023693964 600.0 0
1752023709224 1500.0 0
1752023724584 1500.0 0
1752023740059 1500.0 0
1752023755495 1500.0 0
1752023770992 1500.0 0
1752023786530 1500.0 0
1752023802038 1500.0 0
1752023817428 1500.0 0
1752023832925 1500.0 0
1752023842426 918.0 0
1752023857415 1449.0 0
1752023872794 1500.0 0
1752023888396 1500.0 0
1752023895474 671.0 0
1752023910872 1500.0 0
1752023926316 1500.0 0
1752023933159 666.0 0
1752023947096 1367.0 0
1752023962940 1500.0 0
1752023978649 1500.0 0
1752023994073 1500.0 0
1752024009400 1500.0 0
1752024024983 1500.0 0
1752024040423 1500.0 0
1752024055798 1500.0 0
1752024071135 1500.0 0
1752024086559 1500.0 0
1752024102032 1500.0 0
1752024117528 1500.0 0
1752024133038 1500.0 0
1752024147818 1444.0 0
1752024163054 1500.0 0
1752024178315 1500.0 0
1752024193736 1500.0 0
1752024209063 1500.0 0
1752024224447 1500.0 0
1752024239849 1500.0 0
1752024255130 1500.0 0
1752024270732 1500.0 0
1752024286277 1500.0 0
1752024301708 1500.0 0
1752024315487 1327.0 0
1752024331013 1500.0 0
1752024346487 1500.0 0
1752024358363 1144.0 0
1752024373852 1500.0 0
1752024389251 1500.0 0
1752024404677 1500.0 0
1752024420060 1500.0 0
1752024424277 392.0 0
1752024439545 1500.0 0
1752024454914 1500.0 0
1752024470218 1500.0 0
1752024485567 1500.0 0
1752024494113 834.0 0
1752024507782 1319.0 0
1752024523240 1500.0 0
1752024538557 1500.0 0
1752024553908 1500.0 0
1752024569359 1500.0 0
1752024584903 1500.0 0
1752024600341 1500.0 0
1752024608994 822.0 0
1752024624407 1500.0 0
1752024634367 970.0 0
1752024649783 1500.0 0
1752024665283 1500.0 0
1752024680641 1500.0 0
1752024696031 1500.0 0
1752024702316 609.0 0
1752024717643 1500.0 0
1752024729107 1123.0 0
1752024744597 1500.0 0
1752024759982 1500.0 0
1752024775428 1500.0 0
1752024790986 1500.0 0
1752024806422 1500.0 0
1752024821994 1500.0 0
1752024837461 1500.0 0
1752024850381 1238.0 0
1752024866190 1500.0 0
1752024881616 1500.0 0
1752024897077 1500.0 0
1752024912504 1500.0 0
1752024927905 1500.0 0
1752024943254 1500.0 0
1752024949149 564.0 0
1752024964453 1500.0 0
1752024979462 1475.0 0
1752024994979 1500.0 0
1752025010421 1500.0 0
1752025025844 1500.0 0
1752025041315 1500.0 0
1752025056812 1500.0 0
1752025072266 1500.0 0
1752025087756 1500.0 0
1752025103286 1500.0 0
1752025118716 1500.0 0
1752025134053 1500.0 0
1752025149541 1500.0 0
1752025164960 1500.0 0
1752025180343 1500.0 0
1752025195693 1500.0 0
1752025211171 1500.0 0
1752025218443 699.0 0
1752025233834 1500.0 0
1752025249104 1500.0 0
1752025264527 1500.0 0
1752025279911 1500.0 0
1752025295319 1500.0 0
1752025310776 1500.0 0
1752025326329 1500.0 0
1752025341736 1500.0 0
1752025357087 1500.0 0
1752025372485 1500.0 0
1752025387960 1500.0 0
1752025403356 1500.0 0
1752025418782 1500.0 0
1752025434160 1500.0 0
1752025449438 1500.0 0
1752025464861 1500.0 0
1752025480320 1500.0 0
1752025495728 1500.0 0
1752025511140 1500.0 0
1752025526647 1500.0 0
1752025542133 1500.0 0
1752025555112 1251.0 0
1752025565893 1043.0 0
1752025581271 1500.0 0
1752025595941 1440.0 0
1752025611262 1500.0 0
1752025616079 462.0 0
1752025629998 1354.0 0
1752025639287 907.0 0
1752025654596 1500.0 0
1752025669987 1500.0 0
1752025685314 1500.0 0
1752025700607 1500.0 0
1752025715999 1500.0 0
1752025731364 1500.0 0
1752025746749 1500.0 0
1752025759113 1198.0 0
1752025774378 1476.0 0
1752025789758 1500.0 0
1752025796801 670.0 0
1752025812272 1500.0 0
1752025827672 1500.0 0
1752025843049 1500.0 0
1752025858269 1500.0 0
1752025873711 1500.0 0
1752025889079 1500.0 0
1752025904516 1500.0 0
1752025919906 1500.0 0
1752025928839 863.0 0
1752025944157 1500.0 0
1752025959486 1500.0 0
1752025974937 1500.0 0
1752025990388 1500.0 0
1752026005660 1500.0 0
1752026020943 1500.0 0
1752026036404 1500.0 0
1752026051840 1500.0 0
1752026067290 1500.0 0
1752026082643 1500.0 0
1752026097942 1500.0 0
1752026113247 1500.0 0
1752026121178 764.0 0
1752026131984 1047.0 0
1752026147403 1500.0 0
1752026162741 1500.0 0
1752026168192 523.0 0
1752026183635 1500.0 0
1752026198338 1424.0 0
1752026213800 1500.0 0
1752026229211 1500.0 0
1752026244667 1500.0 0
1752026260073 1500.0 0
1752026275622 1500.0 0
1752026291196 1500.0 0
1752026306663 1500.0 0
1752026322141 1500.0 0
1752026337494 1500.0 0
1752026352855 1500.0 0
1752026363965 1082.0 0
1752026379318 1500.0 0
1752026394654 1500.0 0
1752026409979 1500.0 0
1752026425463 1500.0 0
1752026441011 1500.0 0
1752026456509 1500.0 0
1752026471944 1500.0 0
1752026487418 1500.0 0
1752026502868 1500.0 0
1752026518431 1500.0 0
1752026532484 1354.0 0
1752026547881 1500.0 0
1752026557616 946.0 0
1752026572902 1500.0 0
1752026588180 1500.0 0
1752026603522 1500.0 0
1752026618738 1500.0 0
1752026634023 1500.0 0
1752026649307 1500.0 0
1752026664556 1500.0 0
1752026679870 1500.0 0
1752026695209 1500.0 0
1752026710693 1500.0 0
1752026726085 1500.0 0
1752026740102 1359.0 0
1752026755496 1500.0 0
1752026771061 1500.0 0
1752026786508 1500.0 0
1752026801888 1500.0 0
1752026817329 1500.0 0
1752026832749 1500.0 0
1752026848180 1500.0 0
1752026856466 801.0 0
1752026871844 1500.0 0
1752026887195 1500.0 0
1752026902601 1500.0 0
1752026918160 1500.0 0
1752026933562 1500.0 0
1752026948975 1500.0 0
1752026964444 1500.0 0
1752026980090 1500.0 0
1752026995687 1500.0 0
1752027011188 1500.0 0
1752027015208 377.0 0
1752027030691 1500.0 0
1752027044515 1334.0 0
1752027059953 1500.0 0
1752027070308 1010.0 0
1752027085730 1500.0 0
1752027101156 1500.0 0
1752027116519 1500.0 0
1752027131839 1500.0 0
1752027147375 1500.0 0
1752027162890 1500.0 0
1752027170134 698.0 0
1752027185562 1500.0 0
1752027200960 1500.0 0
1752027216548 1500.0 0
1752027232016 1500.0 0
1752027243753 1136.0 0
1752027259246 1500.0 0
1752027274838 1500.0 0
1752027290288 1500.0 0
1752027305719 1500.0 0
1752027321059 1500.0 0
1752027336497 1500.0 0
1752027342219 534.0 0
1752027357518 1500.0 0
1752027366503 868.0 0
1752027381797 1500.0 0
1752027397474 1500.0 0
1752027412951 1500.0 0
1752027428368 1500.0 0
1752027443797 1500.0 0
1752027459222 1500.0 0
1752027474742 1500.0 0
1752027490340 1500.0 0
1752027505843 1500.0 0
1752027521445 1500.0 0
1752027536768 1500.0 0
1752027552135 1500.0 0
1752027568126 1500.0 0
1752027583708 1500.0 0
1752027599224 1500.0 0
1752027614728 1500.0 0
1752027630362 1500.0 0
1752027645854 1500.0 0
1752027661259 1500.0 0
1752027673215 1156.0 0
1752027688564 1500.0 0
1752027704045 1500.0 0
1752027719598 1500.0 0
1752027735106 1500.0 0
1752027750697 1500.0 0
1752027766128 1500.0 0
1752027781522 1500.0 0
1752027797028 1500.0 0
1752027812469 1500.0 0
1752027827868 1500.0 0
1752027843319 1500.0 0
1752027858744 1500.0 0
1752027874251 1500.0 0
1752027889800 1500.0 0
1752027905129 1500.0 0
1752027920471 1500.0 0
1752027936044 1500.0 0
1752027951516 1500.0 0
1752027967157 1500.0 0
1752027982597 1500.0 0
1752027997996 1500.0 0
1752028013571 1500.0 0
1752028029072 1500.0 0
1752028044532 1500.0 0
1752028060006 1500.0 0
1752028075364 1500.0 0
1752028090709 1500.0 0
1752028106292 1500.0 0
1752028121738 1500.0 0
1752028134038 1187.0 0
1752028149555 1500.0 0
1752028165095 1500.0 0
1752028180573 1500.0 0
1752028195841 1469.0 0
1752028211374 1500.0 0
1752028226825 1500.0 0
1752028242263 1500.0 0
1752028257759 1500.0 0
1752028273160 1500.0 0
1752028287561 1403.0 0
1752028303074 1500.0 0
1752028318442 1500.0 0
1752028333786 1500.0 0
1752028344068 995.0 0
1752028359628 1500.0 0
1752028373809 1373.0 0
1752028389188 1500.0 0
1752028404802 1500.0 0
1752028420279 1500.0 0
1752028435826 1500.0 0
1752028451371 1500.0 0
1752028466848 1500.0 0
1752028482269 1500.0 0
1752028497699 1500.0 0
1752028513084 1500.0 0
1752028528455 1500.0 0
1752028543808 1500.0 0
1752028559185 1500.0 0
1752028574578 1500.0 0
1752028589998 1500.0 0
1752028605333 1500.0 0
1752028620834 1500.0 0
1752028636266 1500.0 0
1752028651842 1500.0 0
1752028667406 1500.0 0
1752028683065 1500.0 0
1752028698577 1500.0 0
1752028714044 1500.0 0
1752028729472 1500.0 0
1752028744880 1500.0 0
1752028760280 1500.0 0
1752028775758 1500.0 0
1752028791230 1500.0 0
1752028806646 1500.0 0
1752028822084 1500.0 0
1752028837518 1500.0 0
1752028852918 1500.0 0
1752028868412 1500.0 0
1752028883946 1500.0 0
1752028899523 1500.0 0
1752028906722 671.0 0
1752028922242 1500.0 0
1752028935534 1292.0 0
1752028951016 1500.0 0
1752028966499 1500.0 0
1752028969901 312.0 0
1752028985447 1500.0 0
1752029000872 1500.0 0
1752029016368 1500.0 0
1752029031776 1500.0 0
1752029047120 1500.0 0
1752029062592 1500.0 0
1752029068345 551.0 0
1752029083791 1500.0 0
1752029094539 1033.0 0
1752029109966 1500.0 0
1752029125395 1500.0 0
1752029140826 1500.0 0
1752029156329 1500.0 0
1752029171736 1500.0 0
1752029187171 1500.0 0
1752029202547 1500.0 0
1752029217882 1500.0 0
1752029233387 1500.0 0
1752029243615 983.0 0
1752029258986 1500.0 0
1752029274523 1500.0 0
1752029281905 709.0 0
1752029297420 1500.0 0
1752029312848 1500.0 0
1752029328326 1500.0 0
1752029343994 1500.0 0
1752029357833 1328.0 0
1752029373540 1500.0 0
1752029384078 1021.0 0
1752029399498 1500.0 0
1752029415163 1500.0 0
1752029430658 1500.0 0
1752029446165 1500.0 0
1752029454316 788.0 0
1752029468725 1404.0 0
1752029484179 1500.0 0
1752029498345 1367.0 0
1752029513829 1500.0 0
1752029525794 1167.0 0
1752029541238 1500.0 0
1752029546248 472.0 0
1752029561860 1500.0 0
1752029577461 1500.0 0
1752029592930 1500.0 0
1752029608503 1500.0 0
1752029623934 1500.0 0
1752029639340 1500.0 0
1752029654966 1500.0 0
1752029670295 1500.0 0
1752029685719 1500.0 0
1752029701158 1500.0 0
1752029716695 1500.0 0
1752029732079 1500.0 0
1752029747495 1500.0 0
1752029753341 552.0 0
1752029768731 1500.0 0
1752029777391 834.0 0
1752029793044 1500.0 0
1752029808473 1500.0 0
1752029823913 1500.0 0
1752029839244 1500.0 0
1752029854796 1500.0 0
1752029870346 1500.0 0
1752029877375 670.0 0
1752029892902 1500.0 0
1752029908362 1500.0 0
1752029920674 1201.0 0
1752029936122 1500.0 0
1752029951616 1500.0 0
1752029967181 1500.0 0
1752029982580 1494.0 0
1752029998009 1500.0 0
1752030013416 1500.0 0
1752030028930 1500.0 0
1752030044395 1500.0 0
1752030059824 1500.0 0
1752030075212 1500.0 0
1752030090687 1500.0 0
1752030106194 1500.0 0
1752030121755 1500.0 0
1752030137280 1500.0 0
1752030152832 1500.0 0
1752030168305 1500.0 0
1752030183674 1500.0 0
1752030199080 1500.0 0
1752030214403 1500.0 0
1752030229787 1500.0 0
1752030245160 1500.0 0
1752030260606 1500.0 0
1752030276131 1500.0 0
1752030291534 1500.0 0
1752030301914 978.0 0
1752030317397 1500.0 0
1752030332850 1500.0 0
1752030348410 1500.0 0
1752030363905 1500.0 0
1752030379315 1500.0 0
1752030394760 1500.0 0
1752030410235 1500.0 0
1752030425720 1500.0 0
1752030441058 1500.0 0
1752030455758 1444.0 0
1752030464990 898.0 0
1752030480493 1500.0 0
1752030495958 1500.0 0
1752030511565 1500.0 0
1752030527007 1500.0 0
1752030542448 1500.0 0
1752030557871 1500.0 0
1752030573493 1500.0 0
1752030588978 1500.0 0
1752030604507 1500.0 0
1752030620062 1500.0 0
1752030635358 1500.0 0
1752030650624 1500.0 0
1752030666023 1500.0 0
1752030681388 1500.0 0
1752030696807 1500.0 0
1752030712220 1500.0 0
1752030727707 1500.0 0
1752030743111 1500.0 0
1752030758550 1500.0 0
1752030774013 1500.0 0
1752030789535 1500.0 0
1752030804963 1500.0 0
1752030820454 1500.0 0
1752030835997 1500.0 0
1752030851574 1500.0 0
1752030867171 1500.0 0
1752030882604 1500.0 0
1752030897935 1500.0 0
1752030913262 1500.0 0
1752030928584 1500.0 0
1752030943954 1500.0 0
1752030959362 1500.0 0
1752030974856 1500.0 0
1752030990342 1500.0 0
1752031005806 1500.0 0
1752031021121 1500.0 0
1752031036523 1500.0 0
1752031047740 1085.0 0
1752031063139 1500.0 0
1752031078562 1500.0 0
1752031094089 1500.0 0
1752031109580 1500.0 0
1752031125045 1500.0 0
1752031140348 1500.0 0
1752031155982 1500.0 0
1752031171900 1500.0 0
1752031187482 1500.0 0
1752031202937 1500.0 0
1752031218479 1500.0 0
1752031233911 1500.0 0
1752031239948 563.0 0
1752031255490 1500.0 0
1752031270946 1500.0 0
1752031286360 1500.0 0
1752031301770 1500.0 0
1752031317346 1500.0 0
1752031327939 1010.0 0
1752031343411 1500.0 0
1752031352130 842.0 0
1752031367480 1500.0 0
1752031383008 1500.0 0
1752031398410 1500.0 0
1752031402834 426.0 0
1752031414713 1156.0 0
1752031430208 1500.0 0
1752031445633 1500.0 0
1752031460985 1500.0 0
1752031476482 1500.0 0
1752031491933 1500.0 0
1752031507355 1500.0 0
1752031522760 1500.0 0
1752031538130 1500.0 0
1752031553616 1500.0 0
1752031569052 1500.0 0
1752031584607 1500.0 0
1752031600087 1500.0 0
1752031609757 933.0 0
1752031625194 1500.0 0
1752031640701 1500.0 0
1752031656141 1500.0 0
1752031671593 1500.0 0
1752031674726 292.0 0
1752031690020 1500.0 0
1752031705607 1500.0 0
1752031721036 1500.0 0
1752031736475 1500.0 0
1752031751893 1500.0 0
1752031767453 1500.0 0
1752031783014 1500.0 0
1752031798555 1500.0 0
1752031814038 1500.0 0
1752031829574 1500.0 0
1752031845111 1500.0 0
1752031860598 1500.0 0
1752031875846 1500.0 0
1752031891195 1500.0 0
1752031906572 1500.0 0
1752031922005 1500.0 0
1752031937341 1500.0 0
1752031952828 1500.0 0
1752031968312 1500.0 0
1752031983816 1500.0 0
1752031999172 1500.0 0
1752032014663 1500.0 0
1752032030167 1500.0 0
1752032045653 1500.0 0
1752032061200 1500.0 0
1752032076741 1500.0 0
1752032092028 1500.0 0
1752032107384 1500.0 0
1752032122843 1500.0 0
1752032138238 1500.0 0
1752032153530 1500.0 0
1752032168935 1500.0 0
1752032184339 1500.0 0
1752032199778 1500.0 0
1752032211470 1132.0 0
1752032221554 970.0 0
1752032236923 1500.0 0
1752032252283 1500.0 0
1752032267801 1500.0 0
1752032283309 1500.0 0
1752032298768 1500.0 0
1752032314150 1500.0 0
1752032329594 1500.0 0
1752032344962 1500.0 0
1752032360368 1500.0 0
1752032375921 1500.0 0
1752032391389 1500.0 0
1752032406808 1500.0 0
1752032422263 1500.0 0
1752032437745 1500.0 0
1752032453060 1500.0 0
1752032461883 842.0 0
1752032467357 526.0 0
1752032476006 834.0 0
1752032491483 1500.0 0
1752032506995 1500.0 0
1752032522565 1500.0 0
1752032538142 1500.0 0
1752032551549 1291.0 0
1752032558063 626.0 0
1752032573492 1500.0 0
1752032588809 1500.0 0
1752032604183 1500.0 0
1752032619619 1500.0 0
1752032634992 1500.0 0
1752032650320 1500.0 0
1752032665806 1500.0 0
1752032681327 1500.0 0
1752032696764 1500.0 0
1752032712195 1500.0 0
1752032727604 1500.0 0
1752032743046 1500.0 0
1752032758489 1500.0 0
1752032774002 1500.0 0
1752032786907 1252.0 0
1752032801957 1469.0 0
1752032817321 1500.0 0
1752032832797 1500.0 0
1752032848278 1500.0 0
1752032858336 970.0 0
1752032873681 1500.0 0
1752032889065 1500.0 0
1752032904368 1500.0 0
1752032919766 1500.0 0
1752032935255 1500.0 0
1752032947745 1202.0 0
1752032963193 1500.0 0
1752032978832 1500.0 0
1752032994351 1500.0 0
1752033009887 1500.0 0
1752033021572 1112.0 0
1752033036909 1500.0 0
1752033052362 1500.0 0
1752033067835 1500.0 0
1752033083217 1500.0 0
1752033098766 1500.0 0
1752033114177 1500.0 0
1752033129585 1500.0 0
1752033145144 1500.0 0
1752033160673 1500.0 0
1752033176065 1500.0 0
1752033191512 1500.0 0
1752033207170 1500.0 0
1752033218917 1135.0 0
1752033234453 1500.0 0
1752033249992 1500.0 0
1752033265532 1500.0 0
1752033281135 1500.0 0
1752033296532 1500.0 0
1752033310582 1372.0 0
1752033326078 1500.0 0
1752033341591 1500.0 0
1752033357052 1500.0 0
1752033370438 1306.0 0
1752033385985 1500.0 0
1752033401643 1500.0 0
1752033417175 1500.0 0
1752033432579 1500.0 0
1752033448124 1500.0 0
1752033463551 1500.0 0
1752033474927 1094.0 0
1752033490394 1500.0 0
1752033505821 1500.0 0
1752033521854 1500.0 0
1752033537552 1500.0 0
1752033553079 1500.0 0
1752033568831 1500.0 0
1752033584388 1500.0 0
1752033599671 1500.0 0
1752033612846 1290.0 0
1752033628287 1500.0 0
1752033643764 1500.0 0
1752033659273 1500.0 0
1752033674730 1500.0 0
1752033690371 1500.0 0
1752033705955 1500.0 0
1752033714827 856.0 0
1752033730311 1500.0 0
1752033745953 1500.0 0
1752033761418 1500.0 0
1752033776792 1500.0 0
1752033792122 1500.0 0
1752033807545 1500.0 0
1752033823205 1500.0 0
1752033838631 1500.0 0
1752033854019 1500.0 0
1752033869811 1500.0 0
1752033885425 1500.0 0
1752033900817 1500.0 0
1752033916434 1500.0 0
1752033932084 1500.0 0
1752033947567 1500.0 0
1752033961693 1364.0 0
1752033977276 1500.0 0
1752033987680 1000.0 0
1752034003144 1500.0 0
1752034018564 1500.0 0
1752034034010 1500.0 0
1752034049407 1500.0 0
1752034064912 1500.0 0
1752034080353 1500.0 0
1752034095633 1500.0 0
1752034111040 1500.0 0
1752034126401 1500.0 0
1752034141866 1500.0 0
1752034157270 1500.0 0
1752034172861 1500.0 0
1752034188421 1500.0 0
1752034204101 1500.0 0
1752034218423 1388.0 0
1752034233908 1500.0 0
1752034249406 1500.0 0
1752034264854 1500.0 0
1752034280348 1500.0 0
1752034295773 1500.0 0
1752034311202 1500.0 0
1752034326606 1500.0 0
1752034342036 1500.0 0
1752034356652 1414.0 0
1752034372085 1500.0 0
1752034387549 1500.0 0
1752034403019 1500.0 0
1752034418649 1500.0 0
1752034434283 1500.0 0
1752034449864 1500.0 0
1752034465386 1500.0 0
1752034480766 1500.0 0
1752034496307 1500.0 0
1752034511750 1500.0 0
1752034527237 1500.0 0
1752034542617 1500.0 0
1752034558037 1500.0 0
1752034573369 1500.0 0
1752034588855 1500.0 0
1752034604389 1500.0 0
1752034619939 1500.0 0
1752034635444 1500.0 0
1752034650825 1500.0 0
1752034666354 1500.0 0
1752034681853 1500.0 0
1752034697275 1500.0 0
1752034712919 1500.0 0
1752034728374 1500.0 0
1752034743781 1500.0 0
1752034749715 569.0 0
1752034765652 1500.0 0
1752034781237 1500.0 0
1752034796706 1500.0 0
1752034812212 1500.0 0
1752034827955 1500.0 0
1752034843417 1500.0 0
1752034859023 1500.0 0
1752034874496 1500.0 0
1752034883959 913.0 0
1752034899413 1500.0 0
1752034910913 1108.0 0
1752034926340 1500.0 0
1752034938885 1214.0 0
1752034954357 1500.0 0
1752034969806 1500.0 0
1752034985338 1500.0 0
1752035000809 1500.0 0
1752035016349 1500.0 0
1752035031874 1500.0 0
1752035047218 1500.0 0
1752035062706 1500.0 0
1752035078279 1500.0 0
1752035093875 1500.0 0
1752035109401 1500.0 0
1752035124904 1500.0 0
1752035140351 1500.0 0
1752035155959 1500.0 0
1752035171480 1500.0 0
1752035186962 1500.0 0
1752035202544 1500.0 0
1752035218005 1500.0 0
1752035233352 1500.0 0
1752035248905 1500.0 0
1752035264288 1500.0 0
1752035279736 1500.0 0
1752035295190 1500.0 0
1752035310734 1500.0 0
1752035326074 1500.0 0
1752035341458 1500.0 0
1752035356840 1500.0 0
1752035372508 1500.0 0
1752035377049 418.0 0
1752035392550 1500.0 0
1752035405484 1244.0 0
1752035421074 1500.0 0
1752035436420 1500.0 0
1752035444577 788.0 0
1752035460085 1500.0 0
1752035475466 1500.0 0
1752035490996 1500.0 0
1752035506530 1500.0 0
1752035522017 1500.0 0
1752035537470 1500.0 0
1752035553111 1500.0 0
1752035568550 1500.0 0
1752035584007 1500.0 0
1752035599446 1500.0 0
1752035615051 1500.0 0
1752035630660 1500.0 0
1752035644312 1314.0 0
1752035651576 701.0 0
1752035667150 1500.0 0
1752035682770 1500.0 0
1752035698195 1500.0 0
1752035713678 1500.0 0
1752035729276 1500.0 0
1752035744896 1500.0 0
1752035760257 1500.0 0
1752035775679 1500.0 0
1752035791109 1500.0 0
1752035806565 1500.0 0
1752035822077 1500.0 0
1752035837568 1500.0 0
1752035853100 1500.0 0
1752035868648 1500.0 0
1752035884170 1500.0 0
1752035899716 1500.0 0
1752035910273 1022.0 0
1752035925718 1500.0 0
1752035941228 1500.0 0
1752035956596 1500.0 0
1752035972261 1500.0 0
1752035987673 1500.0 0
1752036003061 1500.0 0
1752036018485 1500.0 0
1752036033969 1500.0 0
1752036049479 1500.0 0
1752036064911 1500.0 0
1752036080359 1500.0 0
1752036088429 778.0 0
1752036103963 1500.0 0
1752036119561 1500.0 0
1752036135162 1500.0 0
1752036150676 1500.0 0
1752036166075 1500.0 0
1752036181567 1500.0 0
1752036196873 1500.0 0
1752036212377 1500.0 0
1752036227883 1500.0 0
1752036243347 1500.0 0
1752036258912 1500.0 0
1752036274461 1500.0 0
1752036290014 1500.0 0
1752036298634 827.0 0
1752036314062 1500.0 0
1752036329652 1500.0 0
1752036345334 1500.0 0
1752036360889 1500.0 0
1752036376537 1500.0 0
1752036392061 1500.0 0
1752036407624 1500.0 0
1752036423209 1500.0 0
1752036438723 1500.0 0
1752036454303 1500.0 0
1752036469749 1500.0 0
1752036485225 1500.0 0
1752036500767 1500.0 0
1752036516367 1500.0 0
1752036531858 1500.0 0
1752036547314 1500.0 0
1752036556312 868.0 0
1752036571981 1500.0 0
1752036587619 1500.0 0
1752036603272 1500.0 0
1752036618881 1500.0 0
1752036627222 799.0 0
1752036642936 1500.0 0
1752036658339 1500.0 0
1752036673679 1500.0 0
1752036689121 1500.0 0
1752036704671 1500.0 0
1752036715542 1057.0 0
1752036730927 1500.0 0
1752036746473 1500.0 0
1752036761687 1462.0 0
1752036772652 1044.0 0
1752036788213 1500.0 0
1752036803874 1500.0 0
1752036819533 1500.0 0
1752036835281 1500.0 0
1752036850981 1500.0 0
1752036866476 1500.0 0
1752036870760 403.0 0
1752036886204 1500.0 0
1752036901817 1500.0 0
1752036917337 1500.0 0
1752036932824 1500.0 0
1752036948322 1500.0 0
1752036963719 1500.0 0
1752036979237 1500.0 0
1752036994594 1500.0 0
1752037010032 1500.0 0
1752037025526 1500.0 0
1752037041119 1500.0 0
1752037056679 1500.0 0
1752037072126 1500.0 0
1752037087648 1500.0 0
1752037103117 1500.0 0
1752037118432 1500.0 0
1752037133790 1500.0 0
1752037149119 1500.0 0
1752037164793 1500.0 0
1752037180421 1500.0 0
1752037195853 1500.0 0
1752037211248 1500.0 0
1752037226768 1500.0 0
1752037242316 1500.0 0
1752037257708 1500.0 0
1752037273149 1500.0 0
1752037288664 1500.0 0
1752037304298 1500.0 0
1752037319764 1500.0 0
1752037335307 1500.0 0
1752037350845 1500.0 0
1752037366407 1500.0 0
1752037381985 1500.0 0
1752037394101 1173.0 0
1752037409690 1500.0 0
1752037425169 1500.0 0
1752037440512 1500.0 0
1752037455919 1500.0 0
1752037471471 1500.0 0
1752037487150 1500.0 0
1752037493648 616.0 0
1752037509275 1500.0 0
1752037524927 1500.0 0
1752037540600 1500.0 0
1752037556301 1500.0 0
1752037571904 1500.0 0
1752037587496 1500.0 0
1752037597389 943.0 0
1752037612871 1500.0 0
1752037628323 1500.0 0
1752037643758 1500.0 0
1752037659218 1500.0 0
1752037674676 1500.0 0
1752037690199 1500.0 0
1752037696697 615.0 0
1752037712111 1480.0 0
1752037727641 1500.0 0
1752037743273 1500.0 0
1752037758883 1500.0 0
1752037767942 867.0 0
1752037783495 1500.0 0
1752037799157 1500.0 0
1752037814750 1500.0 0
1752037830143 1500.0 0
1752037845644 1500.0 0
1752037861034 1500.0 0
1752037876444 1500.0 0
1752037891999 1500.0 0
1752037907404 1500.0 0
1752037922739 1500.0 0
1752037938241 1500.0 0
1752037953732 1500.0 0
1752037969271 1500.0 0
1752037984716 1500.0 0
1752038000335 1500.0 0
1752038015941 1500.0 0
1752038031593 1500.0 0
1752038047259 1500.0 0
1752038058084 1039.0 0
1752038073579 1500.0 0
1752038089139 1500.0 0
1752038103869 1428.0 0
1752038119232 1500.0 0
1752038134762 1500.0 0
1752038150251 1500.0 0
1752038165849 1500.0 0
1752038181407 1500.0 0
1752038196954 1500.0 0
1752038212560 1500.0 0
1752038228151 1500.0 0
1752038243623 1500.0 0
1752038259314 1500.0 0
1752038274912 1500.0 0
1752038290654 1500.0 0
1752038306212 1500.0 0
1752038314549 793.0 0
1752038318842 398.0 0
1752038334311 1500.0 0
1752038349702 1500.0 0
1752038365656 1500.0 0
1752038381325 1500.0 0
1752038391806 1008.0 0
1752038407327 1500.0 0
1752038414474 679.0 0
1752038429986 1500.0 0
1752038445436 1500.0 0
1752038461200 1500.0 0
1752038476767 1500.0 0
1752038492330 1500.0 0
1752038507919 1500.0 0
1752038523458 1500.0 0
1752038539033 1500.0 0
1752038554694 1500.0 0
1752038570155 1500.0 0
1752038585555 1500.0 0
1752038601162 1500.0 0
1752038616819 1500.0 0
1752038632344 1500.0 0
1752038642453 977.0 0
1752038657852 1500.0 0
1752038668314 1004.0 0
1752038683980 1500.0 0
1752038690269 594.0 0
1752038705858 1500.0 0
1752038721484 1500.0 0
1752038737180 1500.0 0
1752038752781 1500.0 0
1752038768440 1500.0 0
1752038784168 1500.0 0
1752038799811 1500.0 0
1752038812394 1206.0 0
1752038827863 1500.0 0
1752038843302 1500.0 0
1752038858802 1500.0 0
1752038873820 1457.0 0
1752038889223 1500.0 0
1752038904864 1500.0 0
1752038920406 1500.0 0
1752038935909 1500.0 0
1752038951391 1500.0 0
1752038967055 1500.0 0
1752038982666 1500.0 0
1752038998264 1500.0 0
1752039013850 1500.0 0
1752039029598 1500.0 0
1752039045052 1500.0 0
1752039060506 1500.0 0
1752039076076 1500.0 0
1752039089706 1322.0 0
1752039105350 1500.0 0
1752039120818 1500.0 0
1752039136343 1500.0 0
1752039149735 1287.0 0
1752039160353 1034.0 0
1752039175895 1500.0 0
1752039189844 1348.0 0
1752039205512 1500.0 0
1752039210856 505.0 0
1752039226442 1500.0 0
1752039242175 1500.0 0
1752039257788 1500.0 0
1752039273415 1500.0 0
1752039289111 1500.0 0
1752039304574 1500.0 0
1752039319989 1500.0 0
1752039335547 1500.0 0
1752039351036 1500.0 0
1752039366569 1494.0 0
1752039382089 1500.0 0
1752039394391 1175.0 0
1752039409908 1500.0 0
1752039425511 1500.0 0
1752039440982 1500.0 0
1752039456614 1500.0 0
1752039472087 1500.0 0
1752039487690 1500.0 0
1752039503331 1500.0 0
1752039518927 1500.0 0
1752039534377 1500.0 0
1752039549726 1500.0 0
1752039565272 1500.0 0
1752039578870 1313.0 0
1752039594402 1500.0 0
1752039609798 1500.0 0
1752039625381 1500.0 0
1752039640899 1500.0 0
1752039656424 1500.0 0
1752039672019 1500.0 0
1752039687679 1500.0 0
1752039702091 1388.0 0
1752039717698 1500.0 0
1752039732705 1434.0 0
1752039744978 1184.0 0
1752039760549 1500.0 0
1752039776092 1500.0 0
1752039791535 1500.0 0
1752039807069 1500.0 0
1752039822614 1500.0 0
1752039838163 1500.0 0
1752039853655 1500.0 0
1752039869252 1500.0 0
1752039884988 1500.0 0
1752039900566 1500.0 0
1752039916201 1500.0 0
1752039931796 1500.0 0
1752039947328 1500.0 0
1752039963100 1500.0 0
1752039978863 1500.0 0
1752039994395 1500.0 0
1752040009937 1500.0 0
1752040025501 1500.0 0
1752040041105 1500.0 0
1752040056784 1500.0 0
1752040072327 1500.0 0
1752040087851 1500.0 0
1752040103364 1500.0 0
1752040118827 1500.0 0
1752040134498 1500.0 0
1752040150176 1500.0 0
1752040165911 1500.0 0
1752040181586 1500.0 0
1752040197286 1500.0 0
1752040213006 1500.0 0
1752040228732 1500.0 0
1752040244328 1500.0 0
1752040259895 1500.0 0
1752040275601 1500.0 0
1752040291129 1500.0 0
1752040306641 1500.0 0
1752040319948 1286.0 0
1752040335496 1500.0 0
1752040351034 1500.0 0
1752040366540 1500.0 0
1752040382167 1500.0 0
1752040397750 1500.0 0
1752040413372 1500.0 0
1752040429097 1500.0 0
1752040444604 1500.0 0
1752040448971 397.0 0
1752040464606 1500.0 0
1752040471043 605.0 0
1752040486676 1500.0 0
1752040498131 1102.0 0
1752040513722 1500.0 0
1752040529292 1500.0 0
1752040544870 1500.0 0
1752040560338 1500.0 0
1752040575894 1500.0 0
1752040591659 1500.0 0
1752040607355 1500.0 0
1752040622938 1500.0 0
1752040638454 1500.0 0
1752040654114 1500.0 0
1752040669774 1500.0 0
1752040685437 1500.0 0
1752040701048 1500.0 0
1752040716728 1500.0 0
1752040732394 1500.0 0
1752040747900 1500.0 0
1752040763455 1500.0 0
1752040779102 1500.0 0
1752040787372 784.0 0
1752040802874 1500.0 0
1752040818389 1500.0 0
1752040831162 1231.0 0
1752040846674 1500.0 0
1752040862144 1500.0 0
1752040877736 1500.0 0
1752040893249 1500.0 0
1752040908892 1500.0 0
1752040924644 1500.0 0
1752040940240 1500.0 0
1752040955958 1500.0 0
1752040971488 1500.0 0
1752040986988 1500.0 0
1752041002567 1500.0 0
1752041018087 1500.0 0
1752041033746 1500.0 0
1752041049308 1500.0 0
1752041065015 1500.0 0
1752041076595 1099.0 0
1752041092239 1500.0 0
1752041107899 1500.0 0
1752041123570 1500.0 0
1752041139211 1500.0 0
1752041154914 1500.0 0
1752041170692 1500.0 0
1752041186303 1500.0 0
1752041201878 1500.0 0
1752041217440 1500.0 0
1752041232890 1500.0 0
1752041246672 1318.0 0
1752041262295 1500.0 0
1752041277782 1500.0 0
1752041293178 1500.0 0
1752041308866 1500.0 0
1752041324589 1500.0 0
1752041340207 1500.0 0
1752041355937 1500.0 0
1752041371585 1500.0 0
1752041387369 1500.0 0
1752041403112 1500.0 0
1752041418774 1500.0 0
1752041428372 916.0 0
1752041444029 1500.0 0
1752041459679 1500.0 0
1752041475336 1500.0 0
1752041490948 1500.0 0
1752041506497 1500.0 0
1752041521961 1500.0 0
1752041537482 1500.0 0
1752041553141 1500.0 0
1752041568681 1500.0 0
1752041582386 1313.0 0
1752041597932 1500.0 0
1752041613668 1500.0 0
1752041629314 1500.0 0
1752041645008 1500.0 0
1752041660735 1500.0 0
1752041676458 1500.0 0
1752041691979 1500.0 0
1752041707557 1500.0 0
1752041715358 750.0 0
1752041731043 1500.0 0
1752041746644 1500.0 0
1752041762221 1500.0 0
1752041777946 1500.0 0
1752041793728 1500.0 0
1752041809430 1500.0 0
1752041825096 1500.0 0
1752041840773 1500.0 0
1752041856593 1500.0 0
1752041872182 1500.0 0
1752041887882 1500.0 0
1752041903639 1500.0 0
1752041919262 1500.0 0
1752041931261 1148.0 0
1752041946880 1500.0 0
1752041962510 1500.0 0
1752041978940 1500.0 0
1752041994626 1500.0 0
1752042010165 1500.0 0
1752042025787 1500.0 0
1752042041433 1500.0 0
1752042057068 1500.0 0
1752042072753 1500.0 0
1752042088548 1500.0 0
1752042104273 1500.0 0
1752042119908 1500.0 0
1752042135626 1500.0 0
1752042151291 1500.0 0
1752042157590 593.0 0
1752042173223 1500.0 0
1752042188703 1500.0 0
1752042204382 1500.0 0
1752042220032 1500.0 0
1752042235519 1500.0 0
1752042251017 1500.0 0
1752042257572 622.0 0
1752042273104 1500.0 0
1752042288650 1500.0 0
1752042304085 1500.0 0
1752042319778 1500.0 0
1752042335507 1500.0 0
1752042351132 1500.0 0
1752042366880 1500.0 0
1752042382542 1500.0 0
1752042398199 1500.0 0
1752042408375 979.0 0
1752042423880 1500.0 0
1752042439310 1500.0 0
1752042450226 1035.0 0
1752042465801 1500.0 0
1752042478613 1241.0 0
1752042494085 1500.0 0
1752042509897 1500.0 0
1752042525479 1500.0 0
1752042541019 1500.0 0
1752042556587 1500.0 0
1752042566747 949.0 0
1752042582573 1500.0 0
1752042598189 1500.0 0
1752042613823 1500.0 0
1752042629444 1500.0 0
1752042644754 1476.0 0
1752042660329 1500.0 0
1752042675828 1500.0 0
1752042691429 1500.0 0
1752042707020 1500.0 0
1752042722612 1500.0 0
1752042738155 1500.0 0
1752042753916 1500.0 0
1752042769539 1500.0 0
1752042785106 1500.0 0
1752042791838 643.0 0
1752042807263 1500.0 0
1752042822783 1500.0 0
1752042838425 1500.0 0
1752042854048 1500.0 0
1752042869704 1500.0 0
1752042885233 1500.0 0
1752042900827 1500.0 0
1752042916361 1500.0 0
1752042931953 1500.0 0
1752042944885 1231.0 0
1752042960486 1500.0 0
1752042976234 1500.0 0
1752042986750 988.0 0
1752043002304 1500.0 0
1752043009541 691.0 0
1752043024422 1426.0 0
1752043034370 946.0 0
1752043049973 1500.0 0
1752043065684 1500.0 0
1752043081344 1500.0 0
1752043096952 1500.0 0
1752043105417 805.0 0
1752043121147 1500.0 0
1752043132168 1070.0 0
1752043147777 1500.0 0
1752043163277 1500.0 0
1752043178839 1500.0 0
1752043194447 1500.0 0
1752043209873 1500.0 0
1752043225547 1500.0 0
1752043241227 1500.0 0
1752043256563 1476.0 0
1752043268774 1172.0 0
1752043284517 1500.0 0
1752043294048 898.0 0
1752043309629 1500.0 0
1752043325277 1500.0 0
1752043340918 1500.0 0
1752043356504 1500.0 0
1752043372052 1500.0 0
1752043387642 1500.0 0
1752043403225 1500.0 0
1752043418808 1500.0 0
1752043430067 1086.0 0
1752043445619 1500.0 0
1752043461154 1500.0 0
1752043476883 1500.0 0
1752043492443 1500.0 0
1752043503299 1040.0 0
1752043518703 1500.0 0
1752043534256 1500.0 0
1752043549979 1500.0 0
1752043565527 1500.0 0
1752043581196 1500.0 0
1752043596869 1500.0 0
1752043612500 1500.0 0
1752043627920 1500.0 0
1752043639143 1075.0 0
1752043654818 1500.0 0
1752043664261 911.0 0
1752043679759 1500.0 0
1752043695234 1500.0 0
1752043702400 685.0 0
1752043718084 1500.0 0
1752043733582 1500.0 0
1752043747800 1358.0 0
1752043763441 1500.0 0
1752043779172 1500.0 0
1752043794867 1500.0 0
1752043810598 1500.0 0
1752043826361 1500.0 0
1752043842207 1500.0 0
1752043857884 1500.0 0
1752043873519 1500.0 0
1752043887980 1362.0 0
1752043903611 1500.0 0
1752043919075 1500.0 0
1752043934580 1500.0 0
1752043950229 1500.0 0
1752043965806 1500.0 0
1752043981409 1500.0 0
1752043995618 1378.0 0
1752044009857 1355.0 0
1752044025447 1500.0 0
1752044041195 1500.0 0
1752044056908 1500.0 0
1752044072610 1500.0 0
1752044088308 1500.0 0
1752044103940 1500.0 0
1752044115406 1100.0 0
1752044125546 930.0 0
1752044141683 1500.0 0
1752044157310 1500.0 0
1752044173456 1500.0 0
1752044188148 1359.0 0
1752044204367 1500.0 0
1752044220341 1500.0 0
1752044236491 1500.0 0
1752044252437 1500.0 0
1752044268246 1500.0 0
1752044283834 1500.0 0
1752044299906 1500.0 0
1752044315736 1500.0 0
1752044331589 1500.0 0
1752044341755 939.0 0
1752044357826 1500.0 0
1752044374204 1500.0 0
1752044390090 1500.0 0
1752044405928 1500.0 0
1752044421950 1500.0 0
1752044437085 1402.0 0
1752044448655 1068.0 0
1752044464623 1500.0 0
1752044472929 762.0 0
1752044489120 1500.0 0
1752044496362 672.0 0
1752044504651 783.0 0
1752044516447 1109.0 0
1752044532067 1500.0 0
1752044547840 1500.0 0
1752044563568 1500.0 0
1752044579110 1500.0 0
1752044594826 1500.0 0
1752044610414 1500.0 0
1752044625994 1500.0 0
1752044641663 1500.0 0
1752044657289 1500.0 0
1752044672825 1500.0 0
1752044688402 1500.0 0
1752044697981 904.0 0
1752044713652 1500.0 0
1752044729439 1500.0 0
1752044745102 1500.0 0
1752044760855 1500.0 0
1752044776568 1500.0 0
1752044792261 1500.0 0
1752044807903 1500.0 0
1752044823522 1500.0 0
1752044839206 1500.0 0
1752044854908 1500.0 0
1752044870600 1500.0 0
1752044886258 1500.0 0
1752044901991 1500.0 0
1752044917899 1500.0 0
1752044933660 1500.0 0
1752044949303 1500.0 0
1752044965220 1500.0 0
1752044981009 1500.0 0
1752044996858 1500.0 0
1752045012706 1500.0 0
1752045028376 1500.0 0
1752045043986 1500.0 0
1752045059693 1500.0 0
1752045075473 1500.0 0
1752045090570 1432.0 0
1752045106283 1500.0 0
1752045117409 1058.0 0
1752045132930 1500.0 0
1752045142105 871.0 0
1752045157795 1500.0 0
1752045173529 1500.0 0
1752045189187 1500.0 0
1752045204810 1500.0 0
1752045220721 1500.0 0
1752045233959 1256.0 0
1752045249810 1500.0 0
1752045265590 1500.0 0
1752045281502 1500.0 0
1752045297100 1500.0 0
1752045312767 1500.0 0
1752045328468 1500.0 0
1752045344334 1500.0 0
1752045360242 1500.0 0
1752045375975 1500.0 0
1752045391829 1500.0 0
1752045407511 1500.0 0
1752045423197 1500.0 0
1752045438875 1500.0 0
1752045454601 1500.0 0
1752045470355 1500.0 0
1752045486230 1500.0 0
1752045502155 1500.0 0
1752045516073 1312.0 0
1752045531752 1500.0 0
1752045547357 1500.0 0
1752045563577 1500.0 0
1752045579672 1500.0 0
1752045595450 1500.0 0
1752045611277 1500.0 0
1752045626531 1438.0 0
1752045642522 1500.0 0
1752045658393 1500.0 0
1752045674269 1500.0 0
1752045690032 1500.0 0
1752045706086 1500.0 0
1752045722000 1500.0 0
1752045737931 1500.0 0
1752045753581 1500.0 0
1752045769245 1500.0 0
1752045784962 1500.0 0
1752045800553 1500.0 0
1752045816407 1500.0 0
1752045832120 1500.0 0
1752045847837 1500.0 0
1752045863727 1500.0 0
1752045879705 1500.0 0
1752045895437 1500.0 0
1752045911184 1500.0 0
1752045926931 1500.0 0
1752045942853 1500.0 0
1752045958748 1500.0 0
1752045974692 1500.0 0
1752045990434 1500.0 0
1752046000691 964.0 0
1752046016355 1500.0 0
1752046032116 1500.0 0
1752046047744 1500.0 0
1752046063358 1500.0 0
1752046079145 1500.0 0
1752046094920 1500.0 0
1752046110838 1500.0 0
1752046126690 1500.0 0
1752046142551 1500.0 0
1752046158366 1500.0 0
1752046174483 1500.0 0
1752046190307 1500.0 0
1752046206145 1500.0 0
1752046222002 1500.0 0
1752046230700 830.0 0
1752046246332 1500.0 0
1752046261888 1500.0 0
1752046277508 1500.0 0
1752046293194 1500.0 0
1752046308870 1500.0 0
1752046320183 1082.0 0
1752046335952 1500.0 0
1752046342706 634.0 0
1752046358651 1500.0 0
1752046374572 1500.0 0
1752046390324 1500.0 0
1752046406075 1500.0 0
1752046421985 1500.0 0
1752046437787 1500.0 0
1752046453496 1500.0 0
1752046469253 1500.0 0
1752046484924 1500.0 0
1752046500255 1459.0 0
1752046515950 1500.0 0
1752046531723 1500.0 0
1752046547509 1500.0 0
1752046563144 1500.0 0
1752046575480 1184.0 0
1752046591370 1500.0 0
1752046607343 1500.0 0
1752046623068 1500.0 0
1752046638789 1500.0 0
1752046654512 1500.0 0
1752046670362 1500.0 0
1752046686260 1500.0 0
1752046702034 1500.0 0
1752046717826 1500.0 0
1752049011739 1500.0 0
1752049035291 1500.0 0
1752049047634 781.0 0
1752049074349 1500.0 0
1752049107161 1500.0 0
1752049151485 1500.0 0
1752049190724 1500.0 0
1752049234419 1500.0 0
1752049279522 1500.0 0
1752049317139 1500.0 0
1752049353570 1500.0 0
1752049397956 1500.0 0
1752049434859 1500.0 0
1752049467844 1500.0 0
1752049503759 1500.0 0
1752049539354 1500.0 0
1752049582997 1500.0 0
1752049623781 1500.0 0
1752049664689 1500.0 0
1752049704171 1500.0 0
1752049738929 1500.0 0
1752049775767 1500.0 0
1752049811849 1500.0 0
1752053185715 1500.0 0
1752053213423 1500.0 0
1752053239296 1500.0 0
1752053267231 1500.0 0
1752053303872 1500.0 0
1752053340500 1500.0 0
1752053362024 741.0 0
1752053403463 1500.0 0
1752053458808 1500.0 0
1752053486426 782.0 0
1752053545638 1500.0 0
1752053610732 1500.0 0
1752053642374 719.0 0
1752053709958 1500.0 0
1752053774957 1500.0 0
1752053838060 1500.0 0
1752053897874 1500.0 0
1752053952058 1500.0 0
1752054011668 1500.0 0
1752054056794 1500.0 0
1752054096293 1427.0 0
1752054138803 1500.0 0
1752054157253 680.0 0
1752054199104 1500.0 0
1752054239886 1500.0 0
1752054283340 1500.0 0
1752054324741 1500.0 0
1752055258921 1500.0 0
1752058444385 1500.0 0
1752058465816 1500.0 0
1752058486587 1500.0 0
1752058508615 1500.0 0
1752058528548 1500.0 0
1752058547773 1500.0 0
1752058572337 1500.0 0
1752058594675 1500.0 0
1752058615461 1500.0 0
1752058636775 1500.0 0
1752058659231 1500.0 0
1752058679124 1500.0 0
1752058698762 1500.0 0
1752058721018 1500.0 0
1752058740294 1500.0 0
1752058760035 1500.0 0
1752058779065 1500.0 0
1752058796955 1500.0 0
1752058816383 1500.0 0
1752058834523 1500.0 0
1752058853496 1500.0 0
1752058866541 932.0 0
1752058885340 1500.0 0
1752058903160 1500.0 0
1752058922148 1500.0 0
1752058941274 1500.0 0
1752058960693 1500.0 0
1752058979605 1500.0 0
1752058998314 1500.0 0
1752059016508 1500.0 0
1752059035445 1500.0 0
1752059054093 1500.0 0
1752059072335 1500.0 0
1752059090777 1500.0 0
