1752013349939 0.0 0
1752013382553 7.290403300430626e-05 0
1752013423920 6.828225014032796e-05 0
1752013458269 0.0002451003820169717 0
1752013473876 6.11374489380978e-05 0
1752013489509 7.184784044511616e-05 0
1752013504959 0.0 0
1752013520493 7.413551793433726e-05 0
1752013524323 0.001556064817123115 0
1752013539789 7.888327672844753e-05 0
1752013555154 7.277938129846007e-05 0
1752013570508 0.0 0
1752013585799 0.0 0
1752013600999 0.0 0
1752013616210 7.230250776046887e-05 0
1752013631325 6.826213939348236e-05 0
1752013646509 0.0 0
1752013661648 0.0 0
1752013676856 0.0 0
1752013691989 8.101633284240961e-05 0
1752013707410 0.0 0
1752013722758 6.728018342982978e-05 0
1752013736854 0.0003059452283196151 0
1752013752441 0.0 0
1752013768166 7.516611367464066e-05 0
1752013783691 0.0 0
1752013799224 7.957664638524875e-05 0
1752013814801 0.0 0
1752013828321 0.0003419262357056141 0
1752013843719 0.0 0
1752013858664 7.942471711430699e-05 0
1752013873974 5.908033199375495e-05 0
1752013889189 7.582180114695802e-05 0
1752013904499 0.0 0
1752013919814 5.7574456150177866e-05 0
1752013935008 7.806382200215012e-05 0
1752013950328 7.059468043735251e-05 0
1752013965829 8.051316399360076e-05 0
1752013981304 7.04107151250355e-05 0
1752013996796 0.0 0
1752014012471 6.77602511132136e-05 0
1752014027992 6.790059705963358e-05 0
1752014043561 0.0 0
1752014059141 6.425984611269087e-05 0
1752014074712 7.594903581775725e-05 0
1752014090153 7.137404463719577e-05 0
1752014101522 0.00042719763587228954 0
1752014116687 8.02294525783509e-05 0
1752014128888 0.00039413856575265527 0
1752014144374 7.35080466256477e-05 0
1752014159527 0.0 0
1752014174695 0.0 0
1752014189925 5.9737041738117114e-05 0
1752014205224 0.0 0
1752014220545 6.385069718817249e-05 0
1752014231759 0.00043933812412433326 0
1752014247105 7.814988202881068e-05 0
1752014262371 7.563114195363596e-05 0
1752014277962 7.077887858031318e-05 0
1752014293588 6.76801209920086e-05 0
1752014298423 0.0012197565520182252 0
1752014310644 0.0003015860274899751 0
1752014324292 0.00033284391975030303 0
1752014339461 6.53376046102494e-05 0
1752014354468 0.0 0
1752014370270 7.273785013239831e-05 0
1752014387015 7.784889749018475e-05 0
1752014402895 7.650162297068164e-05 0
1752014418279 0.0 0
1752014427278 0.0005815941258333623 0
1752014442701 0.0 0
1752014451422 0.0006053909310139716 0
1752014466810 8.134532981785014e-05 0
1752014482085 6.022722300258465e-05 0
1752014497531 8.14331797300838e-05 0
1752014512939 8.116978278849274e-05 0
1752014522795 0.0005127799813635647 0
1752014538037 0.0 0
1752014553410 0.0 0
1752014568664 0.0 0
1752014583924 6.381179991876706e-05 0
1752014599087 7.682132854824886e-05 0
1752014614417 7.633138011442497e-05 0
1752014629682 0.0 0
1752014644904 0.0 0
1752014660123 7.468147668987513e-05 0
1752014675475 7.756992272334173e-05 0
1752014690822 6.176718306960538e-05 0
1752014706034 8.042581612244248e-05 0
1752014721204 7.575822382932529e-05 0
1752014736459 0.0 0
1752014751784 6.874569226056337e-05 0
1752014760962 0.0005598606076091528 0
1752014776340 0.0 0
1752014791492 0.0 0
1752014806763 6.646400288445875e-05 0
1752014822034 6.506241334136575e-05 0
1752014837240 8.042581612244248e-05 0
1752014852551 6.041628876118921e-05 0
1752014867797 7.806382200215012e-05 0
1752014882934 7.352892134804279e-05 0
1752014898173 0.0 0
1752014913661 0.0 0
1752014928922 0.0 0
1752014944269 7.8494573244825e-05 0
1752014959752 0.0 0
1752014975236 7.100433867890388e-05 0
1752014988108 0.00037029903614893556 0
1752015002572 0.00029955434729345143 0
1752015017950 6.688142457278445e-05 0
1752015033208 0.0 0
1752015048511 0.0 0
1752015063763 6.971792026888579e-05 0
1752015078938 7.842988998163491e-05 0
1752015087701 0.0005868101725354791 0
1752015102936 7.482881483156234e-05 0
1752015118184 6.933226541150361e-05 0
1752015133431 6.425984611269087e-05 0
1752015148606 6.12326548434794e-05 0
1752015163368 0.00028883572667837143 0
1752015169694 0.0006864566239528358 0
1752015184957 6.539664173033088e-05 0
1752015200242 8.108207839541137e-05 0
1752015215610 6.476821727119386e-05 0
1752015231008 7.588540756842121e-05 0
1752015246290 8.066614100243896e-05 0
1752015261655 5.893073830520734e-05 0
1752015277034 7.92295832070522e-05 0
1752015292357 0.0 0
1752015300730 0.0006199395284056664 0
1752015315977 0.0 0
1752015331207 7.334117981372401e-05 0
1752015344419 0.0003519794554449618 0
1752015359698 0.0 0
1752015374960 0.0 0
1752015390262 7.929460116429254e-05 0
1752015405607 0.0 0
1752015420898 6.10993811278604e-05 0
1752015436128 7.761280721751973e-05 0
1752015451562 0.0 0
1752015466840 6.850370846223086e-05 0
1752015482361 0.0 0
1752015497832 6.951481191208586e-05 0
1752015504788 0.0007962094969116151 0
1752015520090 5.956782479188405e-05 0
1752015535376 7.727005140623078e-05 0
1752015550669 6.453333480749279e-05 0
1752015564867 0.0003204331442248076 0
1752015580211 0.0 0
1752015595450 0.0 0
1752015610674 0.0 0
1752015622722 0.0003919960872735828 0
1752015638102 0.0 0
1752015653489 7.631011249031872e-05 0
1752015668857 7.765569898765534e-05 0
1752015684283 0.0 0
1752015699649 7.137404463719577e-05 0
1752015715032 7.472356082871556e-05 0
1752015724482 0.0005390652804635465 0
1752015739867 7.071744767017663e-05 0
1752015755233 0.0 0
1752015760781 0.0010171622270718217 0
1752015775993 6.286251300480217e-05 0
1752015791297 0.0 0
1752015806586 0.0 0
1752015821977 0.0 0
1752015837270 0.0 0
1752015852513 7.712033402640373e-05 0
1752015867867 7.300799188669771e-05 0
1752015883279 7.043114601401612e-05 0
1752015898647 7.955494220368564e-05 0
1752015913987 0.0 0
1752015929462 6.094725540606305e-05 0
1752015944866 0.0 0
1752015960192 8.025125862332061e-05 0
1752015975548 0.0 0
1752015990836 5.996302570565604e-05 0
1752016006103 7.535618351539597e-05 0
1752016021303 0.0 0
1752016036455 8.12575381132774e-05 0
1752016051805 5.588764543063007e-05 0
1752016067102 7.354980334639549e-05 0
1752016075685 0.0005998346605338156 0
1752016090930 6.26311230007559e-05 0
1752016106279 0.0 0
1752016113275 0.0007995051564648747 0
1752016128711 0.0 0
1752016144110 0.0 0
1752016159473 7.756992272334173e-05 0
1752016175037 6.988062523305416e-05 0
1752016190466 0.0 0
1752016205746 5.913648055866361e-05 0
1752016221088 8.147711923811585e-05 0
1752016236392 5.737144601880573e-05 0
1752016251678 7.197170634754002e-05 0
1752016266899 8.062241249717772e-05 0
1752016282219 0.0 0
1752016297626 0.0 0
1752016312902 7.590661698486656e-05 0
1752016328208 0.0 0
1752016343607 0.0 0
1752016359039 7.197170634754002e-05 0
1752016374349 7.975046901265159e-05 0
1752016389688 6.67620261083357e-05 0
1752016405088 7.120960799511522e-05 0
1752016420454 8.057870581978932e-05 0
1752016436012 6.947422662051395e-05 0
1752016451405 6.921070598764345e-05 0
1752016466792 7.774154073558748e-05 0
1752016482025 7.76986125856638e-05 0
1752016497212 0.0 0
1752016512442 0.0 0
1752016527721 0.0 0
1752016542986 7.93162762420252e-05 0
1752016558316 6.900833250256255e-05 0
1752016573718 7.838677993277088e-05 0
1752016588975 7.855929288780317e-05 0
1752016604251 7.780594023643062e-05 0
1752016619630 8.123559382511303e-05 0
1752016634935 0.0 0
1752016643282 0.0006323978304862976 0
1752016658696 7.920791540527716e-05 0
1752016671386 0.00028218410443514585 0
1752016686707 0.0 0
1752016695118 0.0006181107019074261 0
1752016710471 7.455530430888757e-05 0
1752016725961 7.533505413448438e-05 0
1752016741300 6.836274405941367e-05 0
1752016757094 0.0 0
1752016773023 0.0 0
1752016788444 7.914293382782489e-05 0
1752016803963 7.55676519474946e-05 0
1752016819235 5.376085755415261e-05 0
1752016834648 0.0 0
1752016850013 6.894768011989072e-05 0
1752016865462 5.4333537264028564e-05 0
1752016872469 0.0007869111141189933 0
1752016887852 7.699211710132658e-05 0
1752016903310 6.0246118664508685e-05 0
1752016918729 8.016404899535701e-05 0
1752016934160 0.0 0
1752016949561 6.86044804751873e-05 0
1752016964932 5.894942660233937e-05 0
1752016980200 0.0 0
1752016995477 5.458503437694162e-05 0
1752017010791 7.970699516590685e-05 0
1752017026065 7.981569797266275e-05 0
1752017039514 0.0003289415908511728 0
1752017054830 6.390906492015347e-05 0
1752017070096 8.092871576081961e-05 0
1752017085400 5.934257569606416e-05 0
1752017090180 0.00120438146404922 0
1752017105514 5.597867493634112e-05 0
1752017120819 6.467029743362218e-05 0
1752017136284 7.451327837770805e-05 0
1752017151657 5.61062443011906e-05 0
1752017167131 6.274675979511812e-05 0
1752017182420 7.084033131832257e-05 0
1752017197627 7.905632810434327e-05 0
1752017212881 0.0 0
1752017228164 5.656302528223023e-05 0
1752017243450 7.825752254575491e-05 0
1752017258826 6.706071144435555e-05 0
1752017274051 7.56099761929363e-05 0
1752017281002 0.0007766829221509397 0
1752017296208 6.186287646414712e-05 0
1752017311657 7.812835974618793e-05 0
1752017327139 0.0 0
1752017342513 7.369601371465251e-05 0
1752017357896 7.802081381669268e-05 0
1752017373528 7.338287105085328e-05 0
1752017388967 6.812142237322405e-05 0
1752017400172 0.0004361735482234508 0
1752017415652 7.273785013239831e-05 0
1752017431059 8.014225022634491e-05 0
1752017446440 0.0 0
1752017461835 5.435148341348395e-05 0
1752017477243 8.130141941364855e-05 0
1752017492468 5.612448148895055e-05 0
1752017507839 0.0 0
1752017523144 0.0 0
1752017538419 5.822275852551684e-05 0
1752017553908 0.0 0
1752017569407 6.754000060027465e-05 0
1752017584778 7.580059900647029e-05 0
1752017600110 0.0 0
1752017615337 8.073173376033083e-05 0
1752017626924 0.000423607969423756 0
1752017641603 0.00031047288211993873 0
1752017657098 7.988096331246197e-05 0
1752017672495 5.9774665714940056e-05 0
1752017687927 6.451377703342587e-05 0
1752017703145 5.3725161706097424e-05 0
1752017718422 6.070045128581114e-05 0
1752017733875 0.0 0
1752017749170 7.607637962792069e-05 0
1752017764376 6.78404321661219e-05 0
1752017779620 7.311203808058053e-05 0
1752017794994 7.767716306261718e-05 0
1752017810345 7.29456078261137e-05 0
1752017825636 6.718037911923602e-05 0
1752017841017 6.822191789979115e-05 0
1752017856450 0.0 0
1752017871851 5.3921616199659184e-05 0
1752017887252 8.005511335795745e-05 0
1752017902634 7.845144136808813e-05 0
1752017918076 0.0 0
1752017933475 6.241937808226794e-05 0
1752017948701 7.317449490074068e-05 0
1752017964032 6.43769817543216e-05 0
1752017979384 8.103824802674353e-05 0
1752017988083 0.000608982692938298 0
1752018003457 8.075360528891906e-05 0
1752018013205 0.0005139928543940187 0
1752018028601 5.667292498401366e-05 0
1752018043936 0.0 0
1752018059351 6.161422788864002e-05 0
1752018074761 6.0113925428595394e-05 0
1752018090196 7.541959348600358e-05 0
1752018105650 6.0548813053173944e-05 0
1752018121067 6.846341420896351e-05 0
1752018128834 0.0006952127441763878 0
1752018144239 5.785185203421861e-05 0
1752018159456 7.720587018411607e-05 0
1752018174770 0.0 0
1752018189970 7.671469211345538e-05 0
1752018205250 5.556055475608446e-05 0
1752018213567 0.0006237157504074275 0
1752018228992 7.451327837770805e-05 0
1752018244241 7.338287105085328e-05 0
1752018257919 0.00025144274695776403 0
1752018273239 7.398887100862339e-05 0
1752018288575 5.7040033425437286e-05 0
1752018303825 8.147711923811585e-05 0
1752018319123 7.682132854824886e-05 0
1752018334596 0.0 0
1752018346487 0.00041306071216240525 0
1752018361758 8.062241249717772e-05 0
1752018377084 0.0 0
1752018392447 6.892746750963852e-05 0
1752018407821 5.445920760394074e-05 0
1752018423156 7.76986125856638e-05 0
1752018438454 6.820181442890316e-05 0
1752018453824 5.996302570565604e-05 0
1752018469163 0.0 0
1752018484489 7.344545156229287e-05 0
1752018499833 0.0 0
1752018515235 6.211203435668722e-05 0
1752018530760 7.868880493333563e-05 0
1752018546086 0.0 0
1752018561505 7.527168054366484e-05 0
1752018572446 0.00047023608931340277 0
1752018587960 0.0 0
1752018603495 7.508171256631613e-05 0
1752018618901 7.912127330200747e-05 0
1752018634187 7.512391312047839e-05 0
1752018649409 6.385069718817249e-05 0
1752018664777 6.032171950209886e-05 0
1752018679989 0.0 0
1752018695147 8.044764399528503e-05 0
1752018710500 6.193948502186686e-05 0
1752018725835 7.847300730645657e-05 0
1752018738748 0.00036111651570536196 0
1752018754147 5.966180469840765e-05 0
1752018769492 7.799930608598515e-05 0
1752018781398 0.00031278200913220644 0
1752018796880 0.0 0
1752018812324 0.0 0
1752018822993 0.00046760746045038104 0
1752018838462 6.802099960623309e-05 0
1752018853940 0.0 0
1752018869314 5.7353008742211387e-05 0
1752018883230 0.00032446952536702156 0
1752018898563 0.0 0
1752018904775 0.000889140588697046 0
1752018911334 0.0008438195800408721 0
1752018926633 7.716309482930228e-05 0
1752018942051 5.7500590628478676e-05 0
1752018957339 6.045413829269819e-05 0
1752018972581 7.396793080260977e-05 0
1752018987980 0.0 0
1752019003483 0.0 0
1752019018825 7.594903581775725e-05 0
1752019034251 6.618645420530811e-05 0
1752019049702 5.410051380749792e-05 0
1752019065165 7.799930608598515e-05 0
1752019080679 7.938133785501122e-05 0
1752019096070 0.0 0
1752019111415 8.055685611907393e-05 0
1752019126758 8.14331797300838e-05 0
1752019142152 7.065605313982815e-05 0
1752019151298 0.0005517253885045648 0
1752019166726 0.0 0
1752019182157 0.0 0
1752019197552 0.0 0
1752019212880 7.944641401991248e-05 0
1752019228251 6.015168037265539e-05 0
1752019243640 6.608747207792476e-05 0
1752019258983 5.592404704657383e-05 0
1752019274397 6.892746750963852e-05 0
1752019289941 5.891205364605412e-05 0
1752019305419 6.461158045567572e-05 0
1752019321016 6.919044972164556e-05 0
1752019336486 7.533505413448438e-05 0
1752019351882 6.766009028069675e-05 0
1752019367331 5.3867999668000266e-05 0
1752019382673 7.365422061411664e-05 0
1752019397964 7.953323074616492e-05 0
1752019408026 0.0004969835863448679 0
1752019423466 7.983745308592916e-05 0
1752019438738 7.957664638524875e-05 0
1752019454015 7.714171806583181e-05 0
1752019469483 6.83224861859344e-05 0
1752019484883 7.311203808058053e-05 0
1752019500316 7.354980334639549e-05 0
1752019515709 8.09944249340333e-05 0
1752019525007 0.0005551124922931194 0
1752019540531 6.15569151705131e-05 0
1752019555966 0.0 0
1752019571300 8.121365681290627e-05 0
1752019586700 7.340373122133315e-05 0
1752019602064 0.0 0
1752019617380 6.878606654936448e-05 0
1752019632739 7.257185643538833e-05 0
1752019648117 6.744001439074054e-05 0
1752019663504 7.047201506793499e-05 0
1752019678994 5.6325272453250363e-05 0
1752019694405 6.668249261565506e-05 0
1752019709928 0.0 0
1752019722653 0.0003698609652929008 0
1752019737891 7.184784044511616e-05 0
1752019747836 0.0005141544388607144 0
1752019763300 0.0 0
1752019778938 6.692123861284927e-05 0
1752019794509 0.0 0
1752019810058 7.799930608598515e-05 0
1752019825397 0.0 0
1752019840715 6.240014772629365e-05 0
1752019855970 5.766684625996277e-05 0
1752019871256 7.99897825345397e-05 0
1752019886543 7.620382530149072e-05 0
1752019901941 6.766009028069675e-05 0
1752019917201 6.957571167731658e-05 0
1752019930517 0.00034578051418066025 0
1752019945888 6.003845192026347e-05 0
1752019961442 0.0 0
1752019969705 0.000636366312392056 0
1752019978756 0.0005682148621417582 0
1752019994134 7.531392475357279e-05 0
1752020009478 7.95115192886442e-05 0
1752020024916 0.0 0
1752020040315 7.135348278097808e-05 0
1752020055723 0.0 0
1752020071049 7.635264773853123e-05 0
1752020086503 0.0 0
1752020101727 7.650162297068164e-05 0
1752020117018 7.996801286935806e-05 0
1752020132324 7.907797407824546e-05 0
1752020147735 5.383227107813582e-05 0
1752020163073 6.457245035562664e-05 0
1752020178544 0.0 0
1752020193825 6.518028385471553e-05 0
1752020209049 0.0 0
1752020224530 6.512133404612541e-05 0
1752020239984 7.584300328744575e-05 0
1752020255410 7.716309482930228e-05 0
1752020270863 7.357067806879058e-05 0
1752020286422 0.0 0
1752020301818 0.0 0
1752020312526 0.0004730919317808002 0
1752020325852 0.0003603280056267977 0
1752020341199 7.886165258241817e-05 0
1752020356547 5.761139982496388e-05 0
1752020372492 5.7574456150177866e-05 0
1752020387984 5.401102680480108e-05 0
1752020400737 0.00035902869421988726 0
1752020416146 7.912127330200747e-05 0
1752020431738 5.5651322327321395e-05 0
1752020440541 0.0006042037857696414 0
1752020455859 8.051316399360076e-05 0
1752020471279 6.523925549117848e-05 0
1752020486737 6.965695502003655e-05 0
1752020502196 6.357867096085101e-05 0
1752020517694 0.0 0
1752020531904 0.000323809334076941 0
1752020543259 0.0004275802930351347 0
1752020558717 8.176302799256518e-05 0
1752020574162 7.56099761929363e-05 0
1752020589461 7.48077582102269e-05 0
1752020604824 5.54336111235898e-05 0
1752020619853 0.0002848756266757846 0
1752020635095 6.864481110824272e-05 0
1752020650321 7.449226541211829e-05 0
1752020665754 0.0 0
1752020681136 6.965695502003655e-05 0
1752020695591 0.00023478320508729666 0
1752020708781 0.00027105509070679545 0
1752020718425 0.0005320224445313215 0
1752020733927 6.0246118664508685e-05 0
1752020749441 6.492503598565236e-05 0
1752020764920 7.489200652344152e-05 0
1752020780312 0.0 0
1752020795729 9.094639798951175e-22 0
1752020810133 0.00030352597241289914 0
1752020825429 0.0 0
1752020840657 7.271709182532504e-05 0
1752020855902 5.60515582037624e-05 0
1752020871276 0.0 0
1752020886098 0.0002975456300191581 0
1752020901422 7.944641401991248e-05 0
1752020916813 7.531392475357279e-05 0
1752020932093 6.751999899279326e-05 0
1752020947546 8.095060911728069e-05 0
1752020962932 6.692123861284927e-05 0
1752020978425 7.296640251297504e-05 0
1752020993907 7.942471711430699e-05 0
1752021000319 0.0008788514533080161 0
1752021010800 0.00048344259266741574 0
1752021026259 8.070987678365782e-05 0
1752021037769 0.0004317483399063349 0
1752021053099 0.0 0
1752021068465 7.724866009084508e-05 0
1752021083837 0.0 0
1752021099210 7.821445615263656e-05 0
1752021114606 0.0 0
1752021130081 7.890489359851927e-05 0
1752021145408 5.761139982496388e-05 0
1752021160786 5.3796560678165406e-05 0
1752021176161 7.563114195363596e-05 0
1752021191579 6.702084647258744e-05 0
1752021201402 0.0005027357838116586 0
1752021216812 7.78703615651466e-05 0
1752021232329 8.154305396601558e-05 0
1752021246706 0.00032680563163012266 0
1752021262175 7.11274697096087e-05 0
1752021277774 7.810684473952278e-05 0
1752021293309 5.852033064002171e-05 0
1752021303574 0.0004870627890340984 0
1752021319052 0.0 0
1752021332217 0.00036507192999124527 0
1752021347668 6.5633088524919e-05 0
1752021363027 0.0 0
1752021378332 7.338287105085328e-05 0
1752021393662 6.854400271549821e-05 0
1752021409060 0.0 0
1752021424413 7.092230953276157e-05 0
1752021439694 6.808124453527853e-05 0
1752021455181 5.8055702538695186e-05 0
1752021470612 0.0 0
1752021485966 5.879999662283808e-05 0
1752021501354 8.014225022634491e-05 0
1752021516735 8.068800525506958e-05 0
1752021521739 0.0011554082157090306 0
1752021533044 0.00042670476250350475 0
1752021548382 0.0 0
1752021563690 7.084033131832257e-05 0
1752021579075 7.203367567854002e-05 0
1752021594418 5.566947947954759e-05 0
1752021609689 0.0 0
1752021621709 0.00039371303864754736 0
1752021636998 7.994625048013404e-05 0
1752021652341 6.969759851926938e-05 0
1752021667630 6.751999899279326e-05 0
1752021682926 6.959601887501776e-05 0
1752021698441 0.0 0
1752021712675 0.0003224249230697751 0
1752021728178 7.825752254575491e-05 0
1752021743553 7.065605313982815e-05 0
1752021756382 0.0003603358054533601 0
1752021771645 6.828225014032796e-05 0
1752021786891 7.304960308829322e-05 0
1752021802181 5.4279720643535256e-05 0
1752021817566 7.8494573244825e-05 0
1752021832847 8.127948240144178e-05 0
1752021848183 7.529280264861882e-05 0
1752021863608 6.467029743362218e-05 0
1752021879125 7.765569898765534e-05 0
1752021894542 6.592924182768911e-05 0
1752021909982 7.403075142065063e-05 0
1752021925332 8.009868179215118e-05 0
1752021940840 0.0 0
1752021956289 0.0 0
1752021971735 5.47470262972638e-05 0
1752021983034 0.00043716165237128735 0
1752021998429 0.0 0
1752022013822 0.0 0
1752022029085 7.797781290719286e-05 0
1752022044385 0.0 0
1752022059762 6.5160624217242e-05 0
1752022070858 0.0004526072589214891 0
1752022086351 0.0 0
1752022101722 5.909904939471744e-05 0
1752022117241 7.571584865218028e-05 0
1752022132605 7.219905819511041e-05 0
1752022148174 0.0 0
1752022163694 0.0 0
1752022179302 0.0 0
1752022194996 0.0 0
1752022210659 7.573703624075279e-05 0
1752022225169 0.0002997732372023165 0
1752022240477 6.290111923590302e-05 0
1752022255882 6.684161780867726e-05 0
1752022265642 0.0005233308766037226 0
1752022281001 5.3635983931599185e-05 0
1752022296404 5.7113600632874295e-05 0
1752022311797 0.0 0
1752022327207 7.983745308592916e-05 0
1752022342631 6.392853538272902e-05 0
1752022358146 5.720562694477849e-05 0
1752022373513 0.0 0
1752022387515 0.00032609503250569105 0
1752022402916 0.0 0
1752022418300 0.0 0
1752022433619 8.075360528891906e-05 0
1752022449044 7.38632952561602e-05 0
1752022464399 6.539664173033088e-05 0
1752022479757 6.63648170302622e-05 0
1752022495259 0.0 0
1752022510688 0.0 0
1752022526028 6.215041503310204e-05 0
1752022541236 7.650162297068164e-05 0
1752022556534 7.375871791737154e-05 0
1752022572147 6.104231579229236e-05 0
1752022587655 0.0 0
1752022603228 7.955494220368564e-05 0
1752022618617 5.9831145335920155e-05 0
1752022634132 6.585021037608385e-05 0
1752022649471 8.042581612244248e-05 0
1752022664814 7.662943244213238e-05 0
1752022680266 6.159511394798756e-05 0
1752022695712 0.0 0
1752022711021 5.9211386542301625e-05 0
1752022726441 0.0 0
1752022741862 0.0 0
1752022757151 6.618645420530811e-05 0
1752022772556 6.648385169683024e-05 0
1752022787924 6.816160748712718e-05 0
1752022803268 7.203367567854002e-05 0
1752022818618 6.551481055794284e-05 0
1752022834023 0.0 0
1752022849276 7.411456317640841e-05 0
1752022864632 6.577121530426666e-05 0
1752022879900 7.043114601401612e-05 0
1752022886684 0.0008193221292458475 0
1752022901983 6.826213939348236e-05 0
1752022917316 7.905632810434327e-05 0
1752022932828 0.0 0
1752022948283 7.905632810434327e-05 0
1752022963646 6.553451385116205e-05 0
1752022978975 0.0 0
1752022986161 0.0007611032342538238 0
1752023001634 6.969759851926938e-05 0
1752023017036 0.0 0
1752023028590 0.00041602225974202156 0
1752023032762 0.0014324458315968513 0
1752023048139 0.0 0
1752023063662 6.303633563220501e-05 0
1752023079119 5.984997551422566e-05 0
1752023094538 7.499737694161013e-05 0
1752023109927 0.0 0
1752023125296 5.6489814596716315e-05 0
1752023140786 0.0 0
1752023156234 0.0 0
1752023171660 7.365422061411664e-05 0
1752023187099 0.0 0
1752023202573 6.48858112981543e-05 0
1752023216442 0.0002501021372154355 0
1752023231740 0.0 0
1752023247111 7.789184746798128e-05 0
1752023262534 6.207367550814524e-05 0
1752023277758 6.592924182768911e-05 0
1752023293217 6.917020073160529e-05 0
1752023308593 0.0 0
1752023318406 0.0005176087142899632 0
1752023333646 8.025125862332061e-05 0
1752023349015 5.627047357847914e-05 0
1752023364355 8.092871576081961e-05 0
1752023379971 7.957664638524875e-05 0
1752023395411 6.199697236297652e-05 0
1752023410914 0.0 0
1752023426272 7.438725879183039e-05 0
1752023441649 0.0 0
1752023456935 8.14331797300838e-05 0
1752023472302 0.0 0
1752023487679 0.0 0
1752023503019 6.998241588007659e-05 0
1752023518322 8.02294525783509e-05 0
1752023525348 0.0007851062109693885 0
1752023540747 5.663627962348983e-05 0
1752023556123 7.367511716438457e-05 0
1752023571586 6.266965647228062e-05 0
1752023586999 0.0 0
1752023602546 6.398693949449807e-05 0
1752023617939 0.0 0
1752023633413 5.438737935037352e-05 0
1752023648931 7.74841828388162e-05 0
1752023664259 6.192032742546871e-05 0
1752023672371 0.0005089862388558686 0
1752023687778 7.104537507984787e-05 0
1752023693964 0.0009079289739020169 0
1752023709224 7.955494220368564e-05 0
1752023724584 6.40258876956068e-05 0
1752023740059 7.99897825345397e-05 0
1752023755495 8.064427674980834e-05 0
1752023770992 8.123559382511303e-05 0
1752023786530 5.932382555329241e-05 0
1752023802038 6.941337051102892e-05 0
1752023817428 6.176718306960538e-05 0
1752023832925 0.0 0
1752023842426 0.0005312914727255702 0
1752023857415 0.0002982856531161815 0
1752023872794 6.330721225822344e-05 0
1752023888396 0.0 0
1752023895474 0.0007922007353045046 0
1752023910872 7.881842611823231e-05 0
1752023926316 0.0 0
1752023933159 0.0007925354293547571 0
1752023947096 0.000321440544212237 0
1752023962940 7.327865750994533e-05 0
1752023978649 7.968526188051328e-05 0
1752023994073 8.073173376033083e-05 0
1752024009400 6.232324813026935e-05 0
1752024024983 8.11917198006995e-05 0
1752024040423 7.495521276723593e-05 0
1752024055798 5.659964517690241e-05 0
1752024071135 0.0 0
1752024086559 7.840833131922409e-05 0
1752024102032 7.257185643538833e-05 0
1752024117528 0.0 0
1752024133038 7.045158417895436e-05 0
1752024147818 0.00030992086976766586 0
1752024163054 6.896790000610054e-05 0
1752024178315 7.765569898765534e-05 0
1752024193736 7.739849388599396e-05 0
1752024209063 0.0 0
1752024224447 0.0 0
1752024239849 0.0 0
1752024255130 7.871039997553453e-05 0
1752024270732 7.69280522945337e-05 0
1752024286277 5.6015109294094145e-05 0
1752024301708 0.0 0
1752024315487 0.00032771294354461133 0
1752024331013 6.756000948371366e-05 0
1752024346487 0.0 0
1752024358363 0.00031389849027618766 0
1752024373852 7.979395741131157e-05 0
1752024389251 7.577941141789779e-05 0
1752024404677 0.0 0
1752024420060 6.672225572401658e-05 0
1752024424277 0.0014555888483300805 0
1752024439545 5.737144601880573e-05 0
1752024454914 0.0 0
1752024470218 7.575822382932529e-05 0
1752024485567 7.224042929010466e-05 0
1752024494113 0.0006122291670180857 0
1752024507782 0.00032797068706713617 0
1752024523240 7.983745308592916e-05 0
1752024538557 0.0 0
1752024553908 7.868880493333563e-05 0
1752024569359 0.0 0
1752024584903 5.9981877711834386e-05 0
1752024600341 8.066614100243896e-05 0
1752024608994 0.0006150170229375362 0
1752024624407 0.0 0
1752024634367 0.0005024328711442649 0
1752024649783 5.870670429430902e-05 0
1752024665283 8.055685611907393e-05 0
1752024680641 0.0 0
1752024696031 7.814988202881068e-05 0
1752024702316 0.000880844600033015 0
1752024717643 0.0 0
1752024729107 0.00042840823880396783 0
1752024744597 0.0 0
1752024759982 7.957664638524875e-05 0
1752024775428 6.311367178568617e-05 0
1752024790986 0.0 0
1752024806422 7.533505413448438e-05 0
1752024821994 7.892652502050623e-05 0
1752024837461 7.767716306261718e-05 0
1752024850381 0.00036092818481847644 0
1752024866190 7.582180114695802e-05 0
1752024881616 6.465071783168241e-05 0
1752024897077 5.792593947262503e-05 0
1752024912504 6.812142237322405e-05 0
1752024927905 5.8241337683284655e-05 0
1752024943254 6.979925092309713e-05 0
1752024949149 0.0009702492388896644 0
1752024964453 6.688142457278445e-05 0
1752024979462 0.00029955379432067275 0
1752024994979 6.961632607271895e-05 0
1752025010421 8.152107329806313e-05 0
1752025025844 6.230403232621029e-05 0
1752025041315 6.280461821006611e-05 0
1752025056812 5.57603343622759e-05 0
1752025072266 8.005511335795745e-05 0
1752025087756 7.63739226385951e-05 0
1752025103286 8.090681512840092e-05 0
1752025118716 7.327865750994533e-05 0
1752025134053 7.271709182532504e-05 0
1752025149541 6.0814290918642655e-05 0
1752025164960 0.0 0
1752025180343 7.455530430888757e-05 0
1752025195693 0.0 0
1752025211171 7.765569898765534e-05 0
1752025218443 0.0005881875404156744 0
1752025233834 0.0 0
1752025249104 8.073173376033083e-05 0
1752025264527 7.201301195891574e-05 0
1752025279911 8.134532981785014e-05 0
1752025295319 6.207367550814524e-05 0
1752025310776 6.274675979511812e-05 0
1752025326329 0.0 0
1752025341736 7.879681652411819e-05 0
1752025357087 7.020659541012719e-05 0
1752025372485 5.9042915381724015e-05 0
1752025387960 0.0 0
1752025403356 5.887468432774767e-05 0
1752025418782 6.138513708719984e-05 0
1752025434160 6.5633088524919e-05 0
1752025449438 0.0 0
1752025464861 0.0 0
1752025480320 6.161422788864002e-05 0
1752025495728 0.0 0
1752025511140 0.0 0
1752025526647 6.612705328734592e-05 0
1752025542133 7.739849388599396e-05 0
1752025555112 0.00035168894100934267 0
1752025565893 0.0004652232164517045 0
1752025581271 0.0 0
1752025595941 0.0003048331418540329 0
1752025611262 7.907797407824546e-05 0
1752025616079 0.001207456924021244 0
1752025629998 0.0003160037740599364 0
1752025639287 0.0005600543809123337 0
1752025654596 6.290111923590302e-05 0
1752025669987 6.555422442033887e-05 0
1752025685314 6.286251300480217e-05 0
1752025700607 6.86044804751873e-05 0
1752025715999 0.0 0
1752025731364 8.038216037675738e-05 0
1752025746749 7.968526188051328e-05 0
1752025759113 0.00039347357233054936 0
1752025774378 0.00029525047284550965 0
1752025789758 7.806382200215012e-05 0
1752025796801 0.0007927949773147702 0
1752025812272 0.0 0
1752025827672 0.0 0
1752025843049 0.0 0
1752025858269 6.492503598565236e-05 0
1752025873711 0.0 0
1752025889079 7.40726463845931e-05 0
1752025904516 0.0 0
1752025919906 6.0605652834055945e-05 0
1752025928839 0.0005799589562229812 0
1752025944157 6.53769529890269e-05 0
1752025959486 8.02076465333812e-05 0
1752025974937 0.0 0
1752025990388 5.492728450917639e-05 0
1752026005660 8.160901779774576e-05 0
1752026020943 7.147691212594509e-05 0
1752026036404 0.0 0
1752026051840 6.700091762468219e-05 0
1752026067290 0.0 0
1752026082643 8.042581612244248e-05 0
1752026097942 8.066614100243896e-05 0
1752026113247 7.110693695722148e-05 0
1752026121178 0.0006847423501312733 0
1752026131984 0.0004533233295660466 0
1752026147403 0.0 0
1752026162741 6.0283909988356754e-05 0
1752026168192 0.0008273384883068502 0
1752026183635 8.00333364168182e-05 0
1752026198338 0.00030851815245114267 0
1752026213800 6.738005322404206e-05 0
1752026229211 0.0 0
1752026244667 7.028820982668549e-05 0
1752026260073 5.9906487877015024e-05 0
1752026275622 0.0 0
1752026291196 0.0 0
1752026306663 6.796079105697572e-05 0
1752026322141 0.0 0
1752026337494 7.74841828388162e-05 0
1752026352855 8.0972517025657e-05 0
1752026363965 0.00045101033174432814 0
1752026379318 7.057422772049904e-05 0
1752026394654 0.0 0
1752026409979 7.907797407824546e-05 0
1752026425463 0.0 0
1752026441011 7.750561053398997e-05 0
1752026456509 7.942471711430699e-05 0
1752026471944 6.10993811278604e-05 0
1752026487418 5.887468432774767e-05 0
1752026502868 7.896978058852255e-05 0
1752026518431 6.864481110824272e-05 0
1752026532484 0.0003329415339976549 0
1752026547881 6.512133404612541e-05 0
1752026557616 0.0005150026991032064 0
1752026572902 7.966353587107733e-05 0
1752026588180 5.435148341348395e-05 0
1752026603522 7.359156006714329e-05 0
1752026618738 7.654421642655507e-05 0
1752026634023 7.938133785501122e-05 0
1752026649307 7.292482041520998e-05 0
1752026664556 0.0 0
1752026679870 7.890489359851927e-05 0
1752026695209 6.724025297444314e-05 0
1752026710693 5.8241337683284655e-05 0
1752026726085 0.0 0
1752026740102 0.00033569973311387 0
1752026755496 6.77602511132136e-05 0
1752026771061 5.3921616199659184e-05 0
1752026786508 0.0 0
1752026801888 7.265482418006286e-05 0
1752026817329 0.0 0
1752026832749 6.943365588085726e-05 0
1752026848180 0.0 0
1752026856466 0.0006458493298850954 0
1752026871844 5.853895709151402e-05 0
1752026887195 7.332034147111699e-05 0
1752026902601 6.688142457278445e-05 0
1752026918160 0.0 0
1752026933562 7.744132744846866e-05 0
1752026948975 7.514501339755952e-05 0
1752026964444 7.267558248713613e-05 0
1752026980090 6.868515629321337e-05 0
1752026995687 5.420800152933225e-05 0
1752027011188 7.996801286935806e-05 0
1752027015208 0.0015201949281618 0
1752027030691 5.349344792193733e-05 0
1752027044515 0.0002533370570745319 0
1752027059953 0.0 0
1752027070308 0.00048573766252957284 0
1752027085730 0.0 0
1752027101156 7.884003571234643e-05 0
1752027116519 6.089025191613473e-05 0
1752027131839 7.810684473952278e-05 0
1752027147375 0.0 0
1752027162890 0.0 0
1752027170134 0.0007496486068703234 0
1752027185562 0.0 0
1752027200960 0.0 0
1752027216548 0.0 0
1752027232016 6.894768011989072e-05 0
1752027243753 0.0004137190990149975 0
1752027259246 6.163333455333486e-05 0
1752027274838 6.772018241463229e-05 0
1752027290288 6.018944986863062e-05 0
1752027305719 7.86024538683705e-05 0
1752027321059 6.400640995707363e-05 0
1752027336497 7.40726463845931e-05 0
1752027342219 0.0010242529679089785 0
1752027357518 6.618645420530811e-05 0
1752027366503 0.0005906136357225478 0
1752027381797 6.88264481141232e-05 0
1752027397474 0.0 0
1752027412951 6.822191789979115e-05 0
1752027428368 7.650162297068164e-05 0
1752027443797 6.278532964643091e-05 0
1752027459222 8.025125862332061e-05 0
1752027474742 7.73128485889174e-05 0
1752027490340 5.8018613344756886e-05 0
1752027505843 0.0 0
1752027521445 6.286251300480217e-05 0
1752027536768 7.275861571542919e-05 0
1752027552135 6.917020073160529e-05 0
1752027568126 7.300799188669771e-05 0
1752027583708 7.014541915850714e-05 0
1752027599224 0.0 0
1752027614728 0.0 0
1752027630362 7.667205500183627e-05 0
1752027645854 7.108641875674948e-05 0
1752027661259 0.0 0
1752027673215 0.0003957361914217472 0
1752027688564 5.8092806284548715e-05 0
1752027704045 7.186847506090999e-05 0
1752027719598 0.0 0
1752027735106 0.0 0
1752027750697 0.0 0
1752027766128 7.298719719983637e-05 0
1752027781522 0.0 0
1752027797028 5.435148341348395e-05 0
1752027812469 7.972872845130041e-05 0
1752027827868 7.912127330200747e-05 0
1752027843319 0.0 0
1752027858744 7.56099761929363e-05 0
1752027874251 5.6197455705842e-05 0
1752027889800 8.03385119070299e-05 0
1752027905129 7.508171256631613e-05 0
1752027920471 0.0 0
1752027936044 6.30556678515859e-05 0
1752027951516 8.156503463396803e-05 0
1752027967157 6.786048470530659e-05 0
1752027982597 7.628884486621246e-05 0
1752027997996 0.0 0
1752028013571 0.0 0
1752028029072 0.0 0
1752028044532 0.0 0
1752028060006 0.0 0
1752028075364 7.000278128543869e-05 0
1752028090709 8.130141941364855e-05 0
1752028106292 5.8018613344756886e-05 0
1752028121738 0.0 0
1752028134038 0.0003848879423458129 0
1752028149555 0.0 0
1752028165095 5.347564729163423e-05 0
1752028180573 8.064427674980834e-05 0
1752028195841 0.00030232660355977714 0
1752028211374 8.027306466829032e-05 0
1752028226825 5.8259913203073665e-05 0
1752028242263 0.0 0
1752028257759 6.404536543413997e-05 0
1752028273160 6.758001836715266e-05 0
1752028287561 0.000321106897899881 0
1752028303074 0.0 0
1752028318442 7.873199501773342e-05 0
1752028333786 7.727005140623078e-05 0
1752028344068 0.0004949309513904154 0
1752028359628 0.0 0
1752028373809 0.0003119887551292777 0
1752028389188 6.668249261565506e-05 0
1752028404802 0.0 0
1752028420279 0.0 0
1752028435826 5.643493932439014e-05 0
1752028451371 7.531392475357279e-05 0
1752028466848 0.0 0
1752028482269 5.36716433998663e-05 0
1752028497699 5.909904939471744e-05 0
1752028513084 5.381441587815061e-05 0
1752028528455 0.0 0
1752028543808 8.152107329806313e-05 0
1752028559185 5.726087692892179e-05 0
1752028574578 7.825752254575491e-05 0
1752028589998 0.0 0
1752028605333 6.896790000610054e-05 0
1752028620834 7.106589328031987e-05 0
1752028636266 7.739849388599396e-05 0
1752028651842 0.0 0
1752028667406 0.0 0
1752028683065 0.0 0
1752028698577 7.178595114964992e-05 0
1752028714044 7.139461376937106e-05 0
1752028729472 6.866498006274924e-05 0
1752028744880 0.0 0
1752028760280 6.937281432328746e-05 0
1752028775758 7.799930608598515e-05 0
1752028791230 6.816160748712718e-05 0
1752028806646 5.489121758728288e-05 0
1752028822084 6.045413829269819e-05 0
1752028837518 0.0 0
1752028852918 7.77629975345917e-05 0
1752028868412 5.7629884395282716e-05 0
1752028883946 6.085226414143108e-05 0
1752028899523 7.205433212220669e-05 0
1752028906722 0.0007944672252051532 0
1752028922242 0.0 0
1752028935534 0.00035273400135338306 0
1752028951016 0.0 0
1752028966499 5.975585736450739e-05 0
1752028969901 0.0018546887440606952 0
1752028985447 6.965695502003655e-05 0
1752029000872 6.630533607676625e-05 0
1752029016368 6.734009366482496e-05 0
1752029031776 7.654421642655507e-05 0
1752029047120 0.0 0
1752029062592 7.024739898042753e-05 0
1752029068345 0.0009976534638553858 0
1752029083791 7.367511716438457e-05 0
1752029094539 0.00047235822421498597 0
1752029109966 7.07993604009971e-05 0
1752029125395 0.0 0
1752029140826 8.02076465333812e-05 0
1752029156329 6.602811481570825e-05 0
1752029171736 7.979395741131157e-05 0
1752029187171 7.090181316016242e-05 0
1752029202547 0.0 0
1752029217882 7.873199501773342e-05 0
1752029233387 7.631011249031872e-05 0
1752029243615 0.0004939075442962348 0
1752029258986 0.0 0
1752029274523 0.0 0
1752029281905 0.0007381521863862872 0
1752029297420 6.170980486785993e-05 0
1752029312848 8.042581612244248e-05 0
1752029328326 0.0 0
1752029343994 7.944641401991248e-05 0
1752029357833 0.0003287104773335159 0
1752029373540 6.890726217534393e-05 0
1752029384078 0.0004798612790182233 0
1752029399498 5.9887646784773096e-05 0
1752029415163 7.309122156584635e-05 0
1752029430658 8.11917198006995e-05 0
1752029446165 0.0 0
1752029454316 0.0006577717140316963 0
1752029468725 0.0003094099520239979 0
1752029484179 6.726021820213646e-05 0
1752029498345 0.00032319416641257703 0
1752029513829 0.0 0
1752029525794 0.0003937473229598254 0
1752029541238 7.953323074616492e-05 0
1752029546248 0.001180735183879733 0
1752029561860 0.0 0
1752029577461 7.662943244213238e-05 0
1752029592930 6.754000060027465e-05 0
1752029608503 0.0 0
1752029623934 8.092871576081961e-05 0
1752029639340 8.11917198006995e-05 0
1752029654966 7.315367111004889e-05 0
1752029670295 8.02076465333812e-05 0
1752029685719 5.874401904293336e-05 0
1752029701158 6.121360638644546e-05 0
1752029716695 0.0 0
1752029732079 7.988096331246197e-05 0
1752029747495 5.932382555329241e-05 0
1752029753341 0.0009955037385225296 0
1752029768731 7.19304007361643e-05 0
1752029777391 0.000602489395532757 0
1752029793044 7.953323074616492e-05 0
1752029808473 7.11274697096087e-05 0
1752029823913 6.914995901752263e-05 0
1752029839244 7.765569898765534e-05 0
1752029854796 0.0 0
1752029870346 6.880625733174384e-05 0
1752029877375 0.0007923149387352169 0
1752029892902 6.272747850744054e-05 0
1752029908362 0.0 0
1752029920674 0.0003925893979612738 0
1752029936122 7.157985237427056e-05 0
1752029951616 0.0 0
1752029967181 8.095060911728069e-05 0
1752029982580 0.0002852301695384085 0
1752029998009 0.0 0
1752030013416 8.044764399528503e-05 0
1752030028930 7.69280522945337e-05 0
1752030044395 7.851614645915106e-05 0
1752030059824 5.36716433998663e-05 0
1752030075212 6.09282506047748e-05 0
1752030090687 7.709895726293325e-05 0
1752030106194 0.0 0
1752030121755 5.7777815527515486e-05 0
1752030137280 7.067651313263923e-05 0
1752030152832 7.650162297068164e-05 0
1752030168305 0.0 0
1752030183674 7.656551315449178e-05 0
1752030199080 7.34245841158554e-05 0
1752030214403 7.671469211345538e-05 0
1752030229787 0.0 0
1752030245160 6.78404321661219e-05 0
1752030260606 5.7629884395282716e-05 0
1752030276131 5.415424675447866e-05 0
1752030291534 6.716042844345793e-05 0
1752030301914 0.0004973739269189537 0
1752030317397 0.0 0
1752030332850 6.218880298547447e-05 0
1752030348410 0.0 0
1752030363905 0.0 0
1752030379315 7.032903522485867e-05 0
1752030394760 0.0 0
1752030410235 5.788889029645361e-05 0
1752030425720 5.548799890675582e-05 0
1752030441058 7.724866009084508e-05 0
1752030455758 0.0002948866749648005 0
1752030464990 0.0005525603191927075 0
1752030480493 6.640447827521712e-05 0
1752030495958 8.03385119070299e-05 0
1752030511565 0.0 0
1752030527007 7.886165258241817e-05 0
1752030542448 8.079737017396837e-05 0
1752030557871 6.119456520536914e-05 0
1752030573493 7.832213304936886e-05 0
1752030588978 0.0 0
1752030604507 0.0 0
1752030620062 0.0 0
1752030635358 6.079530794522725e-05 0
1752030650624 7.990271842572838e-05 0
1752030666023 0.0 0
1752030681388 7.840833131922409e-05 0
1752030696807 6.182459037518129e-05 0
1752030712220 6.371461495291442e-05 0
1752030727707 0.0 0
1752030743111 7.409360114252195e-05 0
1752030758550 7.051289139781147e-05 0
1752030774013 7.875359733588994e-05 0
1752030789535 8.007689757505432e-05 0
1752030804963 7.309122156584635e-05 0
1752030820454 0.0 0
1752030835997 7.669337355764583e-05 0
1752030851574 7.375871791737154e-05 0
1752030867171 0.0 0
1752030882604 7.067651313263923e-05 0
1752030897935 7.875359733588994e-05 0
1752030913262 7.979395741131157e-05 0
1752030928584 0.0 0
1752030943954 6.921070598764345e-05 0
1752030959362 0.0 0
1752030974856 0.0 0
1752030990342 6.295905041042715e-05 0
1752031005806 5.7426776038482785e-05 0
1752031021121 6.218880298547447e-05 0
1752031036523 7.797781290719286e-05 0
1752031047740 0.000440125324530527 0
1752031063139 7.74841828388162e-05 0
1752031078562 7.875359733588994e-05 0
1752031094089 0.0 0
1752031109580 5.643493932439014e-05 0
1752031125045 5.6361808674409986e-05 0
1752031140348 8.01858477643691e-05 0
1752031155982 0.0 0
1752031171900 0.0 0
1752031187482 6.749999738531187e-05 0
1752031202937 8.116978278849274e-05 0
1752031218479 8.101633284240961e-05 0
1752031233911 8.160901779774576e-05 0
1752031239948 0.0009752721525728703 0
1752031255490 6.178631156217307e-05 0
1752031270946 8.038216037675738e-05 0
1752031286360 7.793482654960826e-05 0
1752031301770 7.91645870776847e-05 0
1752031317346 6.53376046102494e-05 0
1752031327939 0.0004769700753968209 0
1752031343411 7.277938129846007e-05 0
1752031352130 0.00046797539107501507 0
1752031367480 8.138924749800935e-05 0
1752031383008 0.0 0
1752031398410 6.782037962693721e-05 0
1752031402834 0.0013234448852017522 0
1752031414713 0.0004142806865274906 0
1752031430208 0.0 0
1752031445633 0.0 0
1752031460985 7.645904406672344e-05 0
1752031476482 7.352892134804279e-05 0
1752031491933 5.911776315770112e-05 0
1752031507355 7.95115192886442e-05 0
1752031522760 0.0 0
1752031538130 6.754000060027465e-05 0
1752031553616 8.075360528891906e-05 0
1752031569052 0.0 0
1752031584607 6.886685150675476e-05 0
1752031600087 7.170348544605076e-05 0
1752031609757 0.0004108656430616975 0
1752031625194 0.0 0
1752031640701 0.0 0
1752031656141 6.257333006942645e-05 0
1752031671593 0.0 0
1752031674726 0.0019974331371486187 0
1752031690020 6.058670624042861e-05 0
1752031705607 7.957664638524875e-05 0
1752031721036 7.868880493333563e-05 0
1752031736475 7.709895726293325e-05 0
1752031751893 0.0 0
1752031767453 5.6837976444512606e-05 0
1752031783014 6.662286614300683e-05 0
1752031798555 0.0 0
1752031814038 6.684161780867726e-05 0
1752031829574 7.271709182532504e-05 0
1752031845111 0.0 0
1752031860598 7.577941141789779e-05 0
1752031875846 7.733425445621833e-05 0
1752031891195 7.104537507984787e-05 0
1752031906572 7.063559314701706e-05 0
1752031922005 5.9005513321608305e-05 0
1752031937341 7.411456317640841e-05 0
1752031952828 7.894814916653559e-05 0
1752031968312 0.0 0
1752031983816 0.0 0
1752031999172 7.968526188051328e-05 0
1752032014663 7.948981510708109e-05 0
1752032030167 6.416231190087274e-05 0
1752032045653 6.892746750963852e-05 0
1752032061200 0.0 0
1752032076741 6.465071783168241e-05 0
1752032092028 8.106016321107745e-05 0
1752032107384 6.788053724449128e-05 0
1752032122843 6.032171950209886e-05 0
1752032138238 6.751999899279326e-05 0
1752032153530 7.582180114695802e-05 0
1752032168935 5.4136329708853737e-05 0
1752032184339 7.918624760350212e-05 0
1752032199778 6.138513708719984e-05 0
1752032211470 0.0004193736531306058 0
1752032221554 0.0004957537748850882 0
1752032236923 7.699211710132658e-05 0
1752032252283 7.043114601401612e-05 0
1752032267801 0.0 0
1752032283309 0.0 0
1752032298768 6.992133421590552e-05 0
1752032314150 8.088491449598223e-05 0
1752032329594 8.025125862332061e-05 0
1752032344962 5.8204186643706635e-05 0
1752032360368 6.321040564216673e-05 0
1752032375921 7.008427928667516e-05 0
1752032391389 6.760003452654928e-05 0
1752032406808 7.567348802695051e-05 0
1752032422263 6.86246421537362e-05 0
1752032437745 7.147691212594509e-05 0
1752032453060 7.679999544052407e-05 0
1752032461883 0.0005956030217930675 0
1752032467357 0.0010477288160473108 0
1752032476006 0.0006150493863970041 0
1752032491483 6.216960900928825e-05 0
1752032506995 7.840833131922409e-05 0
1752032522565 0.0 0
1752032538142 6.268892320804298e-05 0
1752032551549 0.0002654388954397291 0
1752032558063 0.0008637190912850201 0
1752032573492 7.453429134329781e-05 0
1752032588809 8.077548409346491e-05 0
1752032604183 6.898811261635274e-05 0
1752032619619 0.0 0
1752032634992 7.106589328031987e-05 0
1752032650320 7.793482654960826e-05 0
1752032665806 7.434526924043894e-05 0
1752032681327 7.327865750994533e-05 0
1752032696764 7.797781290719286e-05 0
1752032712195 6.056775600882247e-05 0
1752032727604 5.614272231468931e-05 0
1752032743046 7.927292608655989e-05 0
1752032758489 7.660812116228044e-05 0
1752032774002 7.510281284339726e-05 0
1752032786907 0.00036134320544078946 0
1752032801957 0.00029796911985613406 0
1752032817321 0.0 0
1752032832797 6.55739422654733e-05 0
1752032848278 6.760003452654928e-05 0
1752032858336 0.000501921575050801 0
1752032873681 7.957664638524875e-05 0
1752032889065 7.259259291458875e-05 0
1752032904368 8.134532981785014e-05 0
1752032919766 6.965695502003655e-05 0
1752032935255 7.228181493701413e-05 0
1752032947745 0.0003878911375068128 0
1752032963193 0.0 0
1752032978832 6.628551636822522e-05 0
1752032994351 0.0 0
1752033009887 7.759135769447312e-05 0
1752033021572 0.0004274991515558213 0
1752033036909 6.632515578530729e-05 0
1752033052362 5.4136329708853737e-05 0
1752033067835 5.4711006669094786e-05 0
1752033083217 0.0 0
1752033098766 0.0 0
1752033114177 8.029487798921764e-05 0
1752033129585 7.514501339755952e-05 0
1752033145144 0.0 0
1752033160673 0.0 0
1752033176065 0.0 0
1752033191512 6.937281432328746e-05 0
1752033207170 7.741991430521011e-05 0
1752033218917 0.00041423842776566744 0
1752033234453 5.548799890675582e-05 0
1752033249992 0.0 0
1752033265532 0.0 0
1752033281135 8.112593059195206e-05 0
1752033296532 6.798085087211803e-05 0
1752033310582 0.00031352732912637293 0
1752033326078 6.170980486785993e-05 0
1752033341591 8.101633284240961e-05 0
1752033357052 5.39931352250278e-05 0
1752033370438 0.0003433839592617005 0
1752033385985 0.0 0
1752033401643 5.487318412633613e-05 0
1752033417175 6.1423284932971e-05 0
1752033432579 7.712033402640373e-05 0
1752033448124 0.0 0
1752033463551 7.388422091025859e-05 0
1752033474927 0.0003334294888190925 0
1752033490394 6.104231579229236e-05 0
1752033505821 6.594901060452685e-05 0
1752033521854 7.104537507984787e-05 0
1752033537552 5.442328620119952e-05 0
1752033553079 0.0 0
1752033568831 7.894814916653559e-05 0
1752033584388 7.765569898765534e-05 0
1752033599671 5.716880696127191e-05 0
1752033612846 0.00035242244484834373 0
1752033628287 6.317170482361689e-05 0
1752033643764 7.541959348600358e-05 0
1752033659273 0.0 0
1752033674730 0.0 0
1752033690371 0.0 0
1752033705955 0.0 0
1752033714827 0.000598251586779952 0
1752033730311 0.0 0
1752033745953 7.808532973285764e-05 0
1752033761418 0.0 0
1752033776792 7.065605313982815e-05 0
1752033792122 0.0 0
1752033807545 6.780033436371014e-05 0
1752033823205 0.0 0
1752033838631 6.959601887501776e-05 0
1752033854019 7.842988998163491e-05 0
1752033869811 7.597025978611782e-05 0
1752033885425 0.0 0
1752033900817 5.992533260723576e-05 0
1752033916434 8.007689757505432e-05 0
1752033932084 0.0 0
1752033947567 0.0 0
1752033961693 0.00033440603874623775 0
1752033977276 5.759292616858147e-05 0
1752033987680 0.00048478698590770364 0
1752034003144 0.0 0
1752034018564 5.614272231468931e-05 0
1752034034010 8.136728865792975e-05 0
1752034049407 8.086302113952115e-05 0
1752034064912 0.0 0
1752034080353 6.070045128581114e-05 0
1752034095633 8.046948642004281e-05 0
1752034111040 7.463940710294992e-05 0
1752034126401 5.665460048476234e-05 0
1752034141866 6.626569665968418e-05 0
1752034157270 6.612705328734592e-05 0
1752034172861 7.847300730645657e-05 0
1752034188421 7.920791540527716e-05 0
1752034204101 0.0 0
1752034218423 0.0003208774724043906 0
1752034233908 0.0 0
1752034249406 0.0 0
1752034264854 8.132337097777054e-05 0
1752034280348 6.408434273907915e-05 0
1752034295773 5.519824844668619e-05 0
1752034311202 6.900833250256255e-05 0
1752034326606 6.119456520536914e-05 0
1752034342036 7.394699787255377e-05 0
1752034356652 0.00030192441772669554 0
1752034372085 7.550418376922607e-05 0
1752034387549 6.336533260764554e-05 0
1752034403019 7.248892507050186e-05 0
1752034418649 0.0 0
1752034434283 0.0 0
1752034449864 6.079530794522725e-05 0
1752034465386 6.201615178724751e-05 0
1752034480766 7.884003571234643e-05 0
1752034496307 5.338668415788561e-05 0
1752034511750 5.435148341348395e-05 0
1752034527237 0.0 0
1752034542617 0.0 0
1752034558037 6.716042844345793e-05 0
1752034573369 7.739849388599396e-05 0
1752034588855 0.0 0
1752034604389 0.0 0
1752034619939 0.0 0
1752034635444 7.789184746798128e-05 0
1752034650825 6.921070598764345e-05 0
1752034666354 5.8501711464487016e-05 0
1752034681853 0.0 0
1752034697275 7.48077582102269e-05 0
1752034712919 0.0 0
1752034728374 0.0 0
1752034743781 7.810684473952278e-05 0
1752034749715 0.0009658290655352175 0
1752034765652 7.373781409114599e-05 0
1752034781237 0.0 0
1752034796706 0.0 0
1752034812212 0.0 0
1752034827955 7.114800246199593e-05 0
1752034843417 7.918624760350212e-05 0
1752034859023 5.878133015357889e-05 0
1752034874496 5.9267589676892385e-05 0
1752034883959 0.0005459898384287953 0
1752034899413 6.355925870593637e-05 0
1752034910913 0.00042180519085377455 0
1752034926340 7.261332939378917e-05 0
1752034938885 0.0003699523222167045 0
1752034954357 6.492503598565236e-05 0
1752034969806 0.0 0
1752034985338 0.0 0
1752035000809 7.039029151201248e-05 0
1752035016349 0.0 0
1752035031874 0.0 0
1752035047218 7.057422772049904e-05 0
1752035062706 0.0 0
1752035078279 5.9211386542301625e-05 0
1752035093875 7.752704550512135e-05 0
1752035109401 8.077548409346491e-05 0
1752035124904 5.6197455705842e-05 0
1752035140351 7.778447616146877e-05 0
1752035155959 7.684266893193126e-05 0
1752035171480 7.648033351870254e-05 0
1752035186962 7.497629121644422e-05 0
1752035202544 0.0 0
1752035218005 7.491307042073458e-05 0
1752035233352 7.761280721751973e-05 0
1752035248905 6.519993621623144e-05 0
1752035264288 7.525055843871087e-05 0
1752035279736 0.0 0
1752035295190 0.0 0
1752035310734 7.582180114695802e-05 0
1752035326074 6.026501068845391e-05 0
1752035341458 6.0985265008639544e-05 0
1752035356840 8.075360528891906e-05 0
1752035372508 0.0 0
1752035377049 0.001347073819488287 0
1752035392550 5.837144999532029e-05 0
1752035405484 0.00036851546610705554 0
1752035421074 0.0 0
1752035436420 6.786048470530659e-05 0
1752035444577 0.0006597913452424109 0
1752035460085 5.356469046091661e-05 0
1752035475466 6.0681482864310965e-05 0
1752035490996 0.0 0
1752035506530 7.712033402640373e-05 0
1752035522017 0.0 0
1752035537470 6.670237053185701e-05 0
1752035553111 7.365422061411664e-05 0
1752035568550 7.24060446373187e-05 0
1752035584007 5.476504156831652e-05 0
1752035599446 7.56946683395654e-05 0
1752035615051 6.266965647228062e-05 0
1752035630660 0.0 0
1752035644312 0.0003497051075100899 0
1752035651576 0.0007528835558332503 0
1752035667150 0.0 0
1752035682770 0.0 0
1752035698195 6.888705684104934e-05 0
1752035713678 0.0 0
1752035729276 7.323698082473129e-05 0
1752035744896 6.0113925428595394e-05 0
1752035760257 8.103824802674353e-05 0
1752035775679 6.810133345425129e-05 0
1752035791109 6.056775600882247e-05 0
1752035806565 6.998241588007659e-05 0
1752035822077 5.947391764493659e-05 0
1752035837568 8.158702257787809e-05 0
1752035853100 0.0 0
1752035868648 8.171900844899938e-05 0
1752035884170 8.062241249717772e-05 0
1752035899716 6.40258876956068e-05 0
1752035910273 0.0004809879173990339 0
1752035925718 7.413551793433726e-05 0
1752035941228 7.981569797266275e-05 0
1752035956596 7.014541915850714e-05 0
1752035972261 0.0 0
1752035987673 6.902855966472998e-05 0
1752036003061 0.0 0
1752036018485 0.0 0
1752036033969 6.408434273907915e-05 0
1752036049479 7.774154073558748e-05 0
1752036064911 0.0 0
1752036080359 6.700091762468219e-05 0
1752036088429 0.0006719924858771265 0
1752036103963 0.0 0
1752036119561 5.975585736450739e-05 0
1752036135162 7.607637962792069e-05 0
1752036150676 7.808532973285764e-05 0
1752036166075 7.875359733588994e-05 0
1752036181567 7.417744200211018e-05 0
1752036196873 7.491307042073458e-05 0
1752036212377 5.874401904293336e-05 0
1752036227883 0.0 0
1752036243347 0.0 0
1752036258912 7.944641401991248e-05 0
1752036274461 8.077548409346491e-05 0
1752036290014 6.618645420530811e-05 0
1752036298634 0.0006260361988097429 0
1752036314062 8.007689757505432e-05 0
1752036329652 7.834368443582207e-05 0
1752036345334 0.0 0
1752036360889 7.018620090093464e-05 0
1752036376537 0.0 0
1752036392061 7.690669735893607e-05 0
1752036407624 7.457632455043495e-05 0
1752036423209 7.935964822536334e-05 0
1752036438723 7.741991430521011e-05 0
1752036454303 0.0 0
1752036469749 6.846341420896351e-05 0
1752036485225 0.0 0
1752036500767 5.7316145102959126e-05 0
1752036516367 7.92295832070522e-05 0
1752036531858 0.0 0
1752036547314 8.064427674980834e-05 0
1752036556312 0.0005782077205367386 0
1752036571981 6.955541903153062e-05 0
1752036587619 7.697076216572896e-05 0
1752036603272 7.178595114964992e-05 0
1752036618881 7.29456078261137e-05 0
1752036627222 0.0006416959804482758 0
1752036642936 7.825752254575491e-05 0
1752036658339 8.086302113952115e-05 0
1752036673679 7.537732017226517e-05 0
1752036689121 6.880625733174384e-05 0
1752036704671 0.0 0
1752036715542 0.00046227389248088 0
1752036730927 5.47470262972638e-05 0
1752036746473 5.6544715334894136e-05 0
1752036761687 0.00022165948757901788 0
1752036772652 0.00046048889635130763 0
1752036788213 0.0 0
1752036803874 7.92295832070522e-05 0
1752036819533 7.463940710294992e-05 0
1752036835281 0.0 0
1752036850981 7.19304007361643e-05 0
1752036866476 0.0 0
1752036870760 0.0014049563324078918 0
1752036886204 6.541633047163486e-05 0
1752036901817 5.6764598411973566e-05 0
1752036917337 7.344545156229287e-05 0
1752036932824 7.70775877754204e-05 0
1752036948322 7.338287105085328e-05 0
1752036963719 7.311203808058053e-05 0
1752036979237 7.99897825345397e-05 0
1752036994594 6.614685116801411e-05 0
1752037010032 7.957664638524875e-05 0
1752037025526 7.601269317092374e-05 0
1752037041119 5.975585736450739e-05 0
1752037056679 0.0 0
1752037072126 0.0 0
1752037087648 0.0 0
1752037103117 7.131235906854272e-05 0
1752037118432 8.158702257787809e-05 0
1752037133790 7.525055843871087e-05 0
1752037149119 5.47470262972638e-05 0
1752037164793 7.855929288780317e-05 0
1752037180421 7.756992272334173e-05 0
1752037195853 7.224042929010466e-05 0
1752037211248 6.788053724449128e-05 0
1752037226768 7.137404463719577e-05 0
1752037242316 0.0 0
1752037257708 7.694939995417371e-05 0
1752037273149 6.975858559599146e-05 0
1752037288664 6.468987703556195e-05 0
1752037304298 0.0 0
1752037319764 0.0 0
1752037335307 0.0 0
1752037350845 6.094725540606305e-05 0
1752037366407 6.921070598764345e-05 0
1752037381985 5.614272231468931e-05 0
1752037394101 0.00038515060441568494 0
1752037409690 0.0 0
1752037425169 0.0 0
1752037440512 6.412332004401833e-05 0
1752037455919 7.99897825345397e-05 0
1752037471471 6.88264481141232e-05 0
1752037487150 7.259259291458875e-05 0
1752037493648 0.000864968285895884 0
1752037509275 6.67819258524105e-05 0
1752037524927 7.394699787255377e-05 0
1752037540600 0.0 0
1752037556301 5.57603343622759e-05 0
1752037571904 5.420800152933225e-05 0
1752037587496 6.979925092309713e-05 0
1752037597389 0.0005256767035461962 0
1752037612871 0.0 0
1752037628323 0.0 0
1752037643758 7.390514656435698e-05 0
1752037659218 6.694115290883929e-05 0
1752037674676 0.0 0
1752037690199 6.121360638644546e-05 0
1752037696697 0.0008791248546913266 0
1752037712111 0.00029569261823780835 0
1752037727641 7.244748121593148e-05 0
1752037743273 5.3582509281113744e-05 0
1752037758883 8.108207839541137e-05 0
1752037767942 0.0005834303447045386 0
1752037783495 0.0 0
1752037799157 6.756000948371366e-05 0
1752037814750 7.575822382932529e-05 0
1752037830143 8.02294525783509e-05 0
1752037845644 5.6361808674409986e-05 0
1752037861034 7.744132744846866e-05 0
1752037876444 7.248892507050186e-05 0
1752037891999 6.600833148695529e-05 0
1752037907404 0.0 0
1752037922739 7.656551315449178e-05 0
1752037938241 6.912971730343997e-05 0
1752037953732 7.071744767017663e-05 0
1752037969271 0.0 0
1752037984716 7.873199501773342e-05 0
1752038000335 0.0 0
1752038015941 7.470251875929534e-05 0
1752038031593 0.0 0
1752038047259 0.0 0
1752038058084 0.0004540646041277796 0
1752038073579 6.910947558935732e-05 0
1752038089139 0.0 0
1752038103869 0.0003097247681580484 0
1752038119232 7.797781290719286e-05 0
1752038134762 6.600833148695529e-05 0
1752038150251 0.0 0
1752038165849 7.110693695722148e-05 0
1752038181407 8.070987678365782e-05 0
1752038196954 8.005511335795745e-05 0
1752038212560 7.261332939378917e-05 0
1752038228151 6.230403232621029e-05 0
1752038243623 7.905632810434327e-05 0
1752038259314 6.253482570173219e-05 0
1752038274912 7.129180448828265e-05 0
1752038290654 5.798153506475501e-05 0
1752038306212 6.742002733517438e-05 0
1752038314549 0.0006446223706007004 0
1752038318842 0.00143182382453233 0
1752038334311 6.710059096803889e-05 0
1752038349702 6.638464401476085e-05 0
1752038365656 7.990271842572838e-05 0
1752038381325 6.810133345425129e-05 0
1752038391806 0.00048766485997475684 0
1752038407327 6.549510726472363e-05 0
1752038414474 0.0007750378572382033 0
1752038429986 6.931200186954811e-05 0
1752038445436 5.788889029645361e-05 0
1752038461200 0.0 0
1752038476767 8.079737017396837e-05 0
1752038492330 7.24060446373187e-05 0
1752038507919 7.812835974618793e-05 0
1752038523458 6.684161780867726e-05 0
1752038539033 7.44502613088116e-05 0
1752038554694 6.751999899279326e-05 0
1752038570155 5.7962999562732875e-05 0
1752038585555 7.896978058852255e-05 0
1752038601162 6.215041503310204e-05 0
1752038616819 0.0 0
1752038632344 0.0 0
1752038642453 0.0004912780714221299 0
1752038657852 8.160901779774576e-05 0
1752038668314 0.0004842027847189456 0
1752038683980 6.585021037608385e-05 0
1752038690269 0.0007136974600143731 0
1752038705858 6.506241334136575e-05 0
1752038721484 7.201301195891574e-05 0
1752038737180 7.825752254575491e-05 0
1752038752781 0.0 0
1752038768440 5.848309228895232e-05 0
1752038784168 7.772007666062564e-05 0
1752038799811 6.286251300480217e-05 0
1752038812394 0.00037608493585139513 0
1752038827863 7.34245841158554e-05 0
1752038843302 7.624633144587278e-05 0
1752038858802 8.02076465333812e-05 0
1752038873820 0.0003065573109779507 0
1752038889223 7.277938129846007e-05 0
1752038904864 0.0 0
1752038920406 0.0 0
1752038935909 0.0 0
1752038951391 7.643776189070195e-05 0
1752038967055 0.0 0
1752038982666 8.03385119070299e-05 0
1752038998264 0.0 0
1752039013850 6.583045615116134e-05 0
1752039029598 0.0 0
1752039045052 7.836522854631767e-05 0
1752039060506 0.0 0
1752039076076 7.985920819919556e-05 0
1752039089706 0.0003468252543825656 0
1752039105350 0.0 0
1752039120818 6.0510934417834505e-05 0
1752039136343 6.496426794910803e-05 0
1752039149735 0.00035500217927619815 0
1752039160353 0.00047577216173522174 0
1752039175895 5.691140904673375e-05 0
1752039189844 0.00032912829192355275 0
1752039205512 0.0 0
1752039210856 0.0010963969398289919 0
1752039226442 7.497629121644422e-05 0
1752039242175 0.0 0
1752039257788 0.0 0
1752039273415 0.0 0
1752039289111 0.0 0
1752039304574 0.0 0
1752039319989 2.273872974998817e-20 0
1752039335547 7.468147668987513e-05 0
1752039351036 0.0 0
1752039366569 0.000275944359600544 0
1752039382089 6.521959585370496e-05 0
1752039394391 0.0003853008383885026 0
1752039409908 7.207499584183097e-05 0
1752039425511 0.0 0
1752039440982 8.134532981785014e-05 0
1752039456614 0.0 0
1752039472087 7.182720582932234e-05 0
1752039487690 5.639836672344245e-05 0
1752039503331 5.874401904293336e-05 0
1752039518927 0.0 0
1752039534377 7.282092701643705e-05 0
1752039549726 7.224042929010466e-05 0
1752039565272 6.348165334202349e-05 0
1752039578870 0.0003500552265904844 0
1752039594402 7.780594023643062e-05 0
1752039609798 0.0 0
1752039625381 6.994169234531e-05 0
1752039640899 7.682132854824886e-05 0
1752039656424 5.6197455705842e-05 0
1752039672019 5.768533446826041e-05 0
1752039687679 0.0 0
1752039702091 0.000321404222631827 0
1752039717698 7.323698082473129e-05 0
1752039732705 0.00030988012440502644 0
1752039744978 0.0003844723687507212 0
1752039760549 6.5160624217242e-05 0
1752039776092 7.827905938029289e-05 0
1752039791535 7.334117981372401e-05 0
1752039807069 7.799930608598515e-05 0
1752039822614 5.411842357716523e-05 0
1752039838163 5.8501711464487016e-05 0
1752039853655 7.953323074616492e-05 0
1752039869252 8.180705481208861e-05 0
1752039884988 0.0 0
1752039900566 5.9737041738117114e-05 0
1752039916201 6.385069718817249e-05 0
1752039931796 6.624588422710076e-05 0
1752039947328 7.871039997553453e-05 0
1752039963100 5.8241337683284655e-05 0
1752039978863 6.115648284321651e-05 0
1752039994395 6.931200186954811e-05 0
1752040009937 6.935254350537434e-05 0
1752040025501 0.0 0
1752040041105 7.836522854631767e-05 0
1752040056784 0.0 0
1752040072327 5.8129920944338664e-05 0
1752040087851 5.681962284143083e-05 0
1752040103364 6.955541903153062e-05 0
1752040118827 8.086302113952115e-05 0
1752040134498 7.61825722292997e-05 0
1752040150176 0.0 0
1752040165911 7.988096331246197e-05 0
1752040181586 7.207499584183097e-05 0
1752040197286 0.0 0
1752040213006 0.0 0
1752040228732 7.635264773853123e-05 0
1752040244328 7.759135769447312e-05 0
1752040259895 0.0 0
1752040275601 7.359156006714329e-05 0
1752040291129 6.951481191208586e-05 0
1752040306641 6.571199628524482e-05 0
1752040319948 0.0003492901741992682 0
1752040335496 7.234391523525119e-05 0
1752040351034 7.057422772049904e-05 0
1752040366540 7.417744200211018e-05 0
1752040382167 6.738005322404206e-05 0
1752040397750 7.352892134804279e-05 0
1752040413372 0.0 0
1752040429097 7.354980334639549e-05 0
1752040444604 7.948981510708109e-05 0
1752040448971 0.0011296413140371442 0
1752040464606 5.4855150665389374e-05 0
1752040471043 0.0008909723837859929 0
1752040486676 0.0 0
1752040498131 0.0004336194251663983 0
1752040513722 8.081924897851422e-05 0
1752040529292 7.292482041520998e-05 0
1752040544870 7.729144272161648e-05 0
1752040560338 6.868515629321337e-05 0
1752040575894 7.63739226385951e-05 0
1752040591659 0.0 0
1752040607355 7.09838277543895e-05 0
1752040622938 0.0 0
1752040638454 6.610725540667772e-05 0
1752040654114 8.046948642004281e-05 0
1752040669774 6.288180884439498e-05 0
1752040685437 8.127948240144178e-05 0
1752040701048 7.797781290719286e-05 0
1752040716728 0.0 0
1752040732394 7.123015529941767e-05 0
1752040747900 7.819292659405619e-05 0
1752040763455 7.858087337808684e-05 0
1752040779102 8.088491449598223e-05 0
1752040787372 0.0006666899425908923 0
1752040802874 7.778447616146877e-05 0
1752040818389 7.684266893193126e-05 0
1752040831162 0.0003824228188022971 0
1752040846674 6.551481055794284e-05 0
1752040862144 7.645904406672344e-05 0
1752040877736 7.371691026492044e-05 0
1752040893249 0.0 0
1752040908892 0.0 0
1752040924644 0.0 0
1752040940240 7.968526188051328e-05 0
1752040955958 8.127948240144178e-05 0
1752040971488 7.182720582932234e-05 0
1752040986988 8.077548409346491e-05 0
1752041002567 0.0 0
1752041018087 0.0 0
1752041033746 6.299768574535847e-05 0
1752041049308 6.872550875414163e-05 0
1752041065015 7.709895726293325e-05 0
1752041076595 0.0004393559356685728 0
1752041092239 6.744001439074054e-05 0
1752041107899 0.0 0
1752041123570 6.646400288445875e-05 0
1752041139211 7.603392441524193e-05 0
1752041154914 7.034945156192407e-05 0
1752041170692 6.261184898903593e-05 0
1752041186303 6.424033927032724e-05 0
1752041201878 0.0 0
1752041217440 0.0 0
1752041232890 8.11917198006995e-05 0
1752041246672 0.00033219443866983056 0
1752041262295 8.171900844899938e-05 0
1752041277782 8.02076465333812e-05 0
1752041293178 7.819292659405619e-05 0
1752041308866 0.0 0
1752041324589 6.470945663750172e-05 0
1752041340207 7.840833131922409e-05 0
1752041355937 0.0 0
1752041371585 6.425984611269087e-05 0
1752041387369 7.390514656435698e-05 0
1752041403112 5.8427260228199884e-05 0
1752041418774 0.0 0
1752041428372 0.0005350604769773781 0
1752041444029 6.977891462156549e-05 0
1752041459679 0.0 0
1752041475336 5.785185203421861e-05 0
1752041490948 8.049132156884298e-05 0
1752041506497 7.199235551524907e-05 0
1752041521961 7.927292608655989e-05 0
1752041537482 6.35010510450229e-05 0
1752041553141 6.973825657041743e-05 0
1752041568681 7.357067806879058e-05 0
1752041582386 0.00033909454941749573 0
1752041597932 7.298719719983637e-05 0
1752041613668 0.0 0
1752041629314 0.0 0
1752041645008 5.89681148994714e-05 0
1752041660735 0.0 0
1752041676458 8.16530009615235e-05 0
1752041691979 8.16750034573488e-05 0
1752041707557 7.298719719983637e-05 0
1752041715358 0.0007005897350609303 0
1752041731043 0.0 0
1752041746644 0.0 0
1752041762221 7.417744200211018e-05 0
1752041777946 0.0 0
1752041793728 5.95114725001622e-05 0
1752041809430 0.0 0
1752041825096 6.906900671310723e-05 0
1752041840773 0.0 0
1752041856593 6.624588422710076e-05 0
1752041872182 7.942471711430699e-05 0
1752041887882 7.573703624075279e-05 0
1752041903639 5.893073830520734e-05 0
1752041919262 7.832213304936886e-05 0
1752041931261 0.0004085128311999142 0
1752041946880 0.0 0
1752041962510 7.866720989113674e-05 0
1752041978940 7.338287105085328e-05 0
1752041994626 6.788053724449128e-05 0
1752042010165 8.101633284240961e-05 0
1752042025787 6.935254350537434e-05 0
1752042041433 7.520832878071815e-05 0
1752042057068 7.170348544605076e-05 0
1752042072753 7.858087337808684e-05 0
1752042088548 7.802081381669268e-05 0
1752042104273 5.8650759456213564e-05 0
1752042119908 6.906900671310723e-05 0
1752042135626 6.445513281505555e-05 0
1752042151291 7.871039997553453e-05 0
1752042157590 0.0009096444118767977 0
1752042173223 0.0 0
1752042188703 6.4220825152006e-05 0
1752042204382 7.979395741131157e-05 0
1752042220032 6.353985372697935e-05 0
1752042235519 7.76986125856638e-05 0
1752042251017 5.625221456284635e-05 0
1752042257572 0.0006760541000403464 0
1752042273104 5.528871770366095e-05 0
1752042288650 0.0 0
1752042304085 0.0 0
1752042319778 0.0 0
1752042335507 0.0 0
1752042351132 8.049132156884298e-05 0
1752042366880 0.0 0
1752042382542 6.146145460661501e-05 0
1752042398199 5.6215703807538375e-05 0
1752042408375 0.0005036998190917075 0
1752042423880 5.354687527869828e-05 0
1752042439310 7.51872212276794e-05 0
1752042450226 0.0004654918157029897 0
1752042465801 5.733457510359585e-05 0
1752042478613 0.0003661492664832622 0
1752042494085 0.0 0
1752042509897 0.0 0
1752042525479 6.278532964643091e-05 0
1752042541019 7.269634079420939e-05 0
1752042556587 7.275861571542919e-05 0
1752042566747 0.000401972618419677 0
1752042582573 0.0 0
1752042598189 0.0 0
1752042613823 6.992133421590552e-05 0
1752042629444 7.417744200211018e-05 0
1752042644754 0.00028486011433415115 0
1752042660329 0.0 0
1752042675828 0.0 0
1752042691429 0.0 0
1752042707020 0.0 0
1752042722612 0.0 0
1752042738155 0.0 0
1752042753916 0.0 0
1752042769539 0.0 0
1752042785106 0.0 0
1752042791838 0.0008255327702499926 0
1752042807263 7.718448614468798e-05 0
1752042822783 6.261184898903593e-05 0
1752042838425 6.201615178724751e-05 0
1752042854048 7.573703624075279e-05 0
1752042869704 0.0 0
1752042885233 7.73770734667778e-05 0
1752042900827 7.470251875929534e-05 0
1752042916361 7.453429134329781e-05 0
1752042931953 0.0 0
1752042944885 0.0003651337174233049 0
1752042960486 6.12326548434794e-05 0
1752042976234 7.622507837368175e-05 0
1752042986750 0.0004929646383970976 0
1752043002304 6.84231345076114e-05 0
1752043009541 0.0007710783393122256 0
1752043024422 0.00029488548170775175 0
1752043034370 0.0005228354129940271 0
1752043049973 0.0 0
1752043065684 7.028820982668549e-05 0
1752043081344 0.0 0
1752043096952 7.63739226385951e-05 0
1752043105417 0.000643381557893008 0
1752043121147 0.0 0
1752043132168 0.00043404451571404934 0
1752043147777 0.0 0
1752043163277 7.153867045417428e-05 0
1752043178839 7.321614975808188e-05 0
1752043194447 0.0 0
1752043209873 7.332034147111699e-05 0
1752043225547 0.0 0
1752043241227 6.420131830964237e-05 0
1752043256563 0.00029652382363565266 0
1752043268774 0.0004005031369160861 0
1752043284517 6.706071144435555e-05 0
1752043294048 0.00043144176015630364 0
1752043309629 8.141121361404657e-05 0
1752043325277 7.203367567854002e-05 0
1752043340918 7.373781409114599e-05 0
1752043356504 0.0 0
1752043372052 7.261332939378917e-05 0
1752043387642 0.0 0
1752043403225 7.267558248713613e-05 0
1752043418808 6.690133886877447e-05 0
1752043430067 0.00044778038864023983 0
1752043445619 0.0 0
1752043461154 0.0 0
1752043476883 6.947422662051395e-05 0
1752043492443 6.796079105697572e-05 0
1752043503299 0.00047280508442781866 0
1752043518703 8.079737017396837e-05 0
1752043534256 7.077887858031318e-05 0
1752043549979 0.0 0
1752043565527 0.0 0
1752043581196 8.064427674980834e-05 0
1752043596869 7.808532973285764e-05 0
1752043612500 0.0 0
1752043627920 7.436626037815586e-05 0
1752043639143 0.00043468919466249645 0
1752043654818 6.359808321576566e-05 0
1752043664261 0.0005528565379790962 0
1752043679759 5.523442814592272e-05 0
1752043695234 7.411456317640841e-05 0
1752043702400 0.0007775567355565727 0
1752043718084 0.0 0
1752043733582 8.154305396601558e-05 0
1752043747800 0.00032286037458106875 0
1752043763441 0.0 0
1752043779172 5.930507541052066e-05 0
1752043794867 7.417744200211018e-05 0
1752043810598 0.0 0
1752043826361 0.0 0
1752043842207 0.0 0
1752043857884 0.0 0
1752043873519 0.0 0
1752043887980 0.0003200876235496253 0
1752043903611 6.545571523020044e-05 0
1752043919075 5.7703826314536855e-05 0
1752043934580 7.759135769447312e-05 0
1752043950229 7.11274697096087e-05 0
1752043965806 0.0 0
1752043981409 0.0 0
1752043995618 0.00032954427297227085 0
1752044009857 0.0003375463420525193 0
1752044025447 7.724866009084508e-05 0
1752044041195 5.748213152401149e-05 0
1752044056908 7.417744200211018e-05 0
1752044072610 0.0 0
1752044088308 0.0 0
1752044103940 0.0 0
1752044115406 0.00043165552779100835 0
1752044125546 0.0004125677514821291 0
1752044141683 6.628551636822522e-05 0
1752044157310 7.746275514364243e-05 0
1752044173456 0.0 0
1752044188148 0.00032022135565057397 0
1752044204367 7.597025978611782e-05 0
1752044220341 6.549510726472363e-05 0
1752044236491 7.567348802695051e-05 0
1752044252437 0.0 0
1752044268246 7.903468213044107e-05 0
1752044283834 5.442328620119952e-05 0
1752044299906 0.0 0
1752044315736 6.353985372697935e-05 0
1752044331589 0.0 0
1752044341755 0.0005149391363374889 0
1752044357826 5.7445227866992354e-05 0
1752044374204 7.714171806583181e-05 0
1752044390090 7.253038347698748e-05 0
1752044405928 0.0 0
1752044421950 8.077548409346491e-05 0
1752044437085 0.00023576227249577641 0
1752044448655 0.000453211076091975 0
1752044464623 7.491307042073458e-05 0
1752044472929 0.0006877976120449603 0
1752044489120 0.0 0
1752044496362 0.0006166875828057528 0
1752044504651 0.0006595271406695247 0
1752044516447 0.0004241142887622118 0
1752044532067 6.852384831290692e-05 0
1752044547840 6.313301855698228e-05 0
1752044563568 6.912971730343997e-05 0
1752044579110 6.854400271549821e-05 0
1752044594826 5.975585736450739e-05 0
1752044610414 0.0 0
1752044625994 7.756992272334173e-05 0
1752044641663 0.0 0
1752044657289 6.484659388661385e-05 0
1752044672825 5.9944177337456495e-05 0
1752044688402 8.027306466829032e-05 0
1752044697981 0.0005620475858449936 0
1752044713652 7.059468043735251e-05 0
1752044729439 7.925125100882724e-05 0
1752044745102 7.290403300430626e-05 0
1752044760855 0.0 0
1752044776568 0.0 0
1752044792261 8.046948642004281e-05 0
1752044807903 6.886685150675476e-05 0
1752044823522 0.0 0
1752044839206 0.0 0
1752044854908 7.000278128543869e-05 0
1752044870600 7.599147647852078e-05 0
1752044886258 5.779631464974955e-05 0
1752044901991 7.546188135165721e-05 0
1752044917899 6.465071783168241e-05 0
1752044933660 6.492503598565236e-05 0
1752044949303 8.088491449598223e-05 0
1752044965220 0.0 0
1752044981009 7.875359733588994e-05 0
1752044996858 7.981569797266275e-05 0
1752045012706 7.722726149950176e-05 0
1752045028376 7.11274697096087e-05 0
1752045043986 7.808532973285764e-05 0
1752045059693 7.877520693000406e-05 0
1752045075473 5.984997551422566e-05 0
1752045090570 0.0003065871715079993 0
1752045106283 0.0 0
1752045117409 0.00044793757842853665 0
1752045132930 7.296640251297504e-05 0
1752045142105 0.0005833448376506567 0
1752045157795 7.332034147111699e-05 0
1752045173529 7.039029151201248e-05 0
1752045189187 7.354980334639549e-05 0
1752045204810 7.453429134329781e-05 0
1752045220721 6.127075175754726e-05 0
1752045233959 0.00027592029073275626 0
1752045249810 0.0 0
1752045265590 6.100428072386421e-05 0
1752045281502 7.733425445621833e-05 0
1752045297100 5.798153506475501e-05 0
1752045312767 0.0 0
1752045328468 0.0 0
1752045344334 0.0 0
1752045360242 0.0 0
1752045375975 7.812835974618793e-05 0
1752045391829 5.454907295643352e-05 0
1752045407511 7.123015529941767e-05 0
1752045423197 7.063559314701706e-05 0
1752045438875 0.0 0
1752045454601 6.83828693581745e-05 0
1752045470355 7.34245841158554e-05 0
1752045486230 6.5160624217242e-05 0
1752045502155 7.426133379340172e-05 0
1752045516073 0.0003518765443004668 0
1752045531752 0.0 0
1752045547357 7.419841131195426e-05 0
1752045563577 5.8986810472561046e-05 0
1752045579672 6.500352174043655e-05 0
1752045595450 7.461837958544493e-05 0
1752045611277 7.814988202881068e-05 0
1752045626531 0.0002920441620517522 0
1752045642522 6.136606680229306e-05 0
1752045658393 5.689304452971555e-05 0
1752045674269 6.064356421120465e-05 0
1752045690032 7.614009518874809e-05 0
1752045706086 6.12898074905388e-05 0
1752045722000 7.457632455043495e-05 0
1752045737931 8.01858477643691e-05 0
1752045753581 0.0 0
1752045769245 7.817140431143343e-05 0
1752045784962 8.070987678365782e-05 0
1752045800553 7.234391523525119e-05 0
1752045816407 0.0 0
1752045832120 5.968060941086151e-05 0
1752045847837 6.313301855698228e-05 0
1752045863727 0.0 0
1752045879705 0.0 0
1752045895437 0.0 0
1752045911184 0.0 0
1752045926931 0.0 0
1752045942853 0.0 0
1752045958748 7.09838277543895e-05 0
1752045974692 0.0 0
1752045990434 8.029487798921764e-05 0
1752046000691 0.0005204483168199658 0
1752046016355 8.062241249717772e-05 0
1752046032116 5.490924377227202e-05 0
1752046047744 7.499737694161013e-05 0
1752046063358 7.537732017226517e-05 0
1752046079145 0.0 0
1752046094920 5.583307211054489e-05 0
1752046110838 8.180705481208861e-05 0
1752046126690 7.520832878071815e-05 0
1752046142551 0.0 0
1752046158366 7.650162297068164e-05 0
1752046174483 0.0 0
1752046190307 7.028820982668549e-05 0
1752046206145 0.0 0
1752046222002 0.0 0
1752046230700 0.0006211319705471396 0
1752046246332 5.885601058253087e-05 0
1752046261888 7.461837958544493e-05 0
1752046277508 6.043520988896489e-05 0
1752046293194 6.197781476657838e-05 0
1752046308870 6.5160624217242e-05 0
1752046320183 0.0004438580072019249 0
1752046335952 7.996801286935806e-05 0
1752046342706 0.0008403348620049655 0
1752046358651 0.0 0
1752046374572 0.0 0
1752046390324 0.0 0
1752046406075 8.044764399528503e-05 0
1752046421985 0.0 0
1752046437787 6.547541124746203e-05 0
1752046453496 7.580059900647029e-05 0
1752046469253 7.89914047345519e-05 0
1752046484924 7.361244934145361e-05 0
1752046500255 0.0002223360352218151 0
1752046515950 7.962008385220543e-05 0
1752046531723 7.265482418006286e-05 0
1752046547509 0.0 0
1752046563144 7.70775877754204e-05 0
1752046575480 0.00038092341856099665 0
1752046591370 0.0 0
1752046607343 0.0 0
1752046623068 7.92295832070522e-05 0
1752046638789 0.0 0
1752046654512 6.465071783168241e-05 0
1752046670362 7.834368443582207e-05 0
1752046686260 7.927292608655989e-05 0
1752046702034 6.30556678515859e-05 0
1752046717826 7.1189075242728e-05 0
1752049011739 7.039029151201248e-05 0
1752049035291 6.910947558935732e-05 0
1752049047634 0.0006710182060487568 0
1752049074349 5.8241337683284655e-05 0
1752049107161 7.178595114964992e-05 0
1752049151485 5.338668415788561e-05 0
1752049190724 6.539664173033088e-05 0
1752049234419 0.0 0
1752049279522 6.169068365124986e-05 0
1752049317139 7.309122156584635e-05 0
1752049353570 0.0 0
1752049397956 7.73770734667778e-05 0
1752049434859 6.371461495291442e-05 0
1752049467844 5.669125312124379e-05 0
1752049503759 6.850370846223086e-05 0
1752049539354 7.453429134329781e-05 0
1752049582997 0.0 0
1752049623781 7.756992272334173e-05 0
1752049664689 5.570581561187282e-05 0
1752049704171 0.0 0
1752049738929 8.055685611907393e-05 0
1752049775767 0.0 0
1752049811849 6.736007344443351e-05 0
1752053185715 8.073173376033083e-05 0
1752053213423 7.197170634754002e-05 0
1752053239296 0.0 0
1752053267231 0.0 0
1752053303872 7.271709182532504e-05 0
1752053340500 7.722726149950176e-05 0
1752053362024 0.0007052149740047753 0
1752053403463 0.0 0
1752053458808 7.727005140623078e-05 0
1752053486426 0.0006680281367152929 0
1752053545638 7.953323074616492e-05 0
1752053610732 5.9944177337456495e-05 0
1752053642374 0.0007335332920774817 0
1752053709958 7.927292608655989e-05 0
1752053774957 0.0 0
1752053838060 0.0 0
1752053897874 5.7242457842221484e-05 0
1752053952058 6.606768147321418e-05 0
1752054011668 5.726087692892179e-05 0
1752054056794 7.918624760350212e-05 0
1752054096293 0.000315173965645954 0
1752054138803 6.684161780867726e-05 0
1752054157253 0.000608005269896239 0
1752054199104 8.12575381132774e-05 0
1752054239886 5.855758354300633e-05 0
1752054283340 7.866720989113674e-05 0
1752054324741 0.0 0
1752055258921 7.964180986164138e-05 0
1752058444385 7.234391523525119e-05 0
1752058465816 5.665460048476234e-05 0
1752058486587 7.453429134329781e-05 0
1752058508615 7.049245323287323e-05 0
1752058528548 6.33265808573924e-05 0
1752058547773 7.554649346275255e-05 0
1752058572337 7.371691026492044e-05 0
1752058594675 7.440824992954731e-05 0
1752058615461 6.531793042086065e-05 0
1752058636775 0.0 0
1752058659231 6.521959585370496e-05 0
1752058679124 5.7870369346346706e-05 0
1752058698762 8.110400813166052e-05 0
1752058721018 7.73128485889174e-05 0
1752058740294 0.0 0
1752058760035 5.709520337404683e-05 0
1752058779065 6.692123861284927e-05 0
1752058796955 7.789184746798128e-05 0
1752058816383 0.0 0
1752058834523 6.0378450143616647e-05 0
1752058853496 7.901304343249649e-05 0
1752058866541 0.0005350369610823691 0
1752058885340 7.155926141422242e-05 0
1752058903160 6.36174954706803e-05 0
1752058922148 8.079737017396837e-05 0
1752058941274 0.0 0
1752058960693 6.117552402429283e-05 0
1752058979605 7.344545156229287e-05 0
1752058998314 6.496426794910803e-05 0
1752059016508 7.985920819919556e-05 0
1752059035445 7.914293382782489e-05 0
1752059054093 6.525892240460962e-05 0
1752059072335 0.0 0
1752059090777 0.0 0
1752059109341 0.0 0
1752059128434 6.018944986863062e-05 0
1752059147257 8.038216037675738e-05 0
1752059165242 6.319105887087062e-05 0
1752059184834 7.988096331246197e-05 0
1752059223181 7.729144272161648e-05 0
