1752013349939 0.0 0
1752013382553 0.0003425228933338076 0
1752013423920 0.00033148794318549335 0
1752013458269 0.0006583625799976289 0
1752013473876 0.00031366600887849927 0
1752013489509 0.0003400326822884381 0
1752013504959 0.0 0
1752013520493 0.0003454037068877369 0
1752013524323 0.004306240938603878 0
1752013539789 0.0003562921774573624 0
1752013555154 0.00034222996328026056 0
1752013570508 0.0 0
1752013585799 0.0 0
1752013600999 0.0 0
1752013616210 0.00034110687556676567 0
1752013631325 0.00033143910695798695 0
1752013646509 0.0 0
1752013661648 0.0 0
1752013676856 0.0 0
1752013691989 0.00036107722553424537 0
1752013707410 0.0 0
1752013722758 0.0003290465974714607 0
1752013736854 0.0009861183352768421 0
1752013752441 0.0 0
1752013768166 0.0003477962454780936 0
1752013783691 0.0 0
1752013799224 0.0003578546456992626 0
1752013814801 0.0 0
1752013828321 0.0010793179972097278 0
1752013843719 0.0 0
1752013858664 0.0003575128794182092 0
1752013873974 0.0003083438496105373 0
1752013889189 0.00034930987749248743 0
1752013904499 0.0 0
1752013919814 0.00030438887188211083 0
1752013935008 0.0003544367500580847 0
1752013950328 0.00033705425448715687 0
1752013965829 0.00035995422513224185 0
1752013981304 0.00033661481575109065 0
1752013996796 0.0 0
1752014012471 0.0003302184632048011 0
1752014027992 0.0003305602294858545 0
1752014043561 0.0 0
1752014059141 0.0003215760225430131 0
1752014074712 0.00034960286575369537 0
1752014090153 0.000338909710990265 0
1752014101522 0.0013081986689940095 0
1752014116687 0.00035931944148615 0
1752014128888 0.0012196751777082682 0
1752014144374 0.0003439389111008495 0
1752014159527 0.0 0
1752014174695 0.0 0
1752014189925 0.00031005279743112624 0
1752014205224 0.0 0
1752014220545 0.00032055063638836145 0
1752014231759 0.001342143164947629 0
1752014247105 0.00035463206586427987 0
1752014262371 0.0003488704387564212 0
1752014277962 0.0003374936932232231 0
1752014293588 0.0003300231182947755 0
1752014298423 0.0034144551027566195 0
1752014310644 0.0007861264748498797 0
1752014324292 0.0010580961825326085 0
1752014339461 0.00032426154939457774 0
1752014354468 0.0 0
1752014370270 0.00034213229082524776 0
1752014387015 0.0003539484750945121 0
1752014402895 0.00035087234573438764 0
1752014418279 0.0 0
1752014427278 0.0017231842502951622 0
1752014442701 0.0 0
1752014451422 0.0017834872705861926 0
1752014466810 0.00036180965253151953 0
1752014482085 0.0003113223356194794 0
1752014497531 0.0003620049392338842 0
1752014512939 0.0003614190500229597 0
1752014522795 0.001538741053082049 0
1752014538037 0.0 0
1752014553410 0.0 0
1752014568664 0.0 0
1752014583924 0.0003204529930371791 0
1752014599087 0.00035160474362783134 0
1752014614417 0.0003504817432258278 0
1752014629682 0.0 0
1752014644904 0.0 0
1752014660123 0.00034667321597225964 0
1752014675475 0.00035331372055225074 0
1752014690822 0.0003152772842440754 0
1752014706034 0.00035975888022221625 0
1752014721204 0.0003491633979137987 0
1752014736459 0.0 0
1752014751784 0.00033261097269132733 0
1752014760962 0.0016671360936015844 0
1752014776340 0.0 0
1752014791492 0.0 0
1752014806763 0.0003270446613896638 0
1752014822034 0.0003235779295209795 0
1752014837240 0.00035975888022221625 0
1752014852551 0.0003118105814792216 0
1752014867797 0.0003544367500580847 0
1752014882934 0.000343987689120695 0
1752014898173 0.0 0
1752014913661 0.0 0
1752014928922 0.0 0
1752014944269 0.0003554132708813995 0
1752014959752 0.0 0
1752014975236 0.0003380308044143021 0
1752014988108 0.0011546096066012979 0
1752015002572 0.0009686098783276975 0
1752015017950 0.00032807004754431546 0
1752015033208 0.0 0
1752015048511 0.0 0
1752015063763 0.0003349547041580081 0
1752015078938 0.00035526679130271077 0
1752015087701 0.0017375960014760494 0
1752015102936 0.0003470150113571435 0
1752015118184 0.0003340269613545388 0
1752015133431 0.0003215760225430131 0
1752015148606 0.0003139101609122008 0
1752015163368 0.0009391699568368495 0
1752015169694 0.001642789226025343 0
1752015184957 0.000324407999869436 0
1752015200242 0.00036122373421676457 0
1752015215610 0.0003228455316275358 0
1752015231008 0.00034945635707117617 0
1752015246290 0.0003602960205171257 0
1752015261655 0.00030795324710197747 0
1752015277034 0.0003570734115783125 0
1752015292357 0.0 0
1752015300730 0.0018265546532347798 0
1752015315977 0.0 0
1752015331207 0.0003435483085922897 0
1752015344419 0.0011046736035495996 0
1752015359698 0.0 0
1752015374960 0.0 0
1752015390262 0.00035721989115700126 0
1752015405607 0.0 0
1752015420898 0.00031356836552731693 0
1752015436128 0.0003534113639034331 0
1752015451562 0.0 0
1752015466840 0.00033202505437657237 0
1752015482361 0.0 0
1752015497832 0.000334466400090605 0
1752015504788 0.002291391370818019 0
1752015520090 0.00030961335869506 0
1752015535376 0.000352630129782483 0
1752015550669 0.00032225961331278086 0
1752015564867 0.001020166208036244 0
1752015580211 0.0 0
1752015595450 0.0 0
1752015610674 0.0 0
1752015622722 0.0012170827249065042 0
1752015638102 0.0 0
1752015653489 0.0003504329069983214 0
1752015668857 0.0003535090363584459 0
1752015684283 0.0 0
1752015699649 0.000338909710990265 0
1752015715032 0.00034677088842727244 0
1752015724482 0.0016116983024403453 0
1752015739867 0.00033734721364453435 0
1752015755233 0.0 0
1752015760781 0.002883087145164609 0
1752015775993 0.0003180604544468224 0
1752015791297 0.0 0
1752015806586 0.0 0
1752015821977 0.0 0
1752015837270 0.0 0
1752015852513 0.00035228836350142956 0
1752015867867 0.0003427670453675091 0
1752015883279 0.00033666365197859704 0
1752015898647 0.0003578058385755867 0
1752015913987 0.0 0
1752015929462 0.00031317773391492665 0
1752015944866 0.0 0
1752015960192 0.0003593682777136564 0
1752015975548 0.0 0
1752015990836 0.0003106387157458812 0
1752016006103 0.00034823568421415985 0
1752016021303 0.0 0
1752016036455 0.0003616143367253244 0
1752016051805 0.00029989672475494444 0
1752016067102 0.0003440365253482014 0
1752016075685 0.0017752556595951319 0
1752016090930 0.00031747453613206744 0
1752016106279 0.0 0
1752016113275 0.0023010557051748037 0
1752016128711 0.0 0
1752016144110 0.0 0
1752016159473 0.00035331372055225074 0
1752016175037 0.0003353453066665679 0
1752016190466 0.0 0
1752016205746 0.00030849032918922603 0
1752016221088 0.000362102611688897 0
1752016236392 0.00030385173158720136 0
1752016251678 0.000340325670549646 0
1752016266899 0.0003601983771659434 0
1752016282219 0.0 0
1752016297626 0.0 0
1752016312902 0.00034950519329868257 0
1752016328208 0.0 0
1752016343607 0.0 0
1752016359039 0.000340325670549646 0
1752016374349 0.00035824524820782244 0
1752016389688 0.000327777088386938 0
1752016405088 0.0003385190502740443 0
1752016420454 0.0003601007047109306 0
1752016436012 0.00033436878584325314 0
1752016451405 0.0003337340021971613 0
1752016466792 0.00035370432306081057 0
1752016482025 0.0003536067088134587 0
1752016497212 0.0 0
1752016512442 0.0 0
1752016527721 0.0 0
1752016542986 0.00035726872738450766 0
1752016558316 0.0003332457272335887 0
1752016573718 0.0003551691770553589 0
1752016588975 0.00035555975046008825 0
1752016604251 0.00035385083174332976 0
1752016619630 0.000361565500497818 0
1752016634935 0.0 0
1752016643282 0.0018593017011880875 0
1752016658696 0.0003570245753508061 0
1752016671386 0.0007423632778227329 0
1752016686707 0.0 0
1752016695118 0.0018228727858513594 0
1752016710471 0.0003463802277110517 0
1752016725961 0.00034818684798665345 0
1752016741300 0.0003316832589916885 0
1752016757094 0.0 0
1752016773023 0.0 0
1752016788444 0.0003568780666682869 0
1752016803963 0.00034872395917773247 0
1752016819235 0.00029413512675091624 0
1752016834648 0.0 0
1752016850013 0.0003330992767587304 0
1752016865462 0.00029569759499281645 0
1752016872469 0.0022660493850708008 0
1752016887852 0.0003519953752402216 0
1752016903310 0.00031137114274315536 0
1752016918729 0.0003591729619074613 0
1752016934160 0.0 0
1752016949561 0.00033226917730644345 0
1752016964932 0.0003080020542256534 0
1752016980200 0.0 0
1752016995477 0.0002963811857625842 0
1752017010791 0.0003581476048566401 0
1752017026065 0.00035839175689034164 0
1752017039514 0.0010482280049473047 0
1752017054830 0.0003206971159670502 0
1752017070096 0.00036088190972805023 0
1752017085400 0.00030902744038030505 0
1752017090180 0.003374118357896805 0
1752017105514 0.000300140876788646 0
1752017120819 0.00032260140869766474 0
1752017136284 0.00034628258435986936 0
1752017151657 0.00030048267217352986 0
1752017167131 0.0003177675243932754 0
1752017182420 0.00033764017280191183 0
1752017197627 0.00035668277996592224 0
1752017212881 0.0 0
1752017228164 0.0003017033450305462 0
1752017243450 0.00035487618879415095 0
1752017258826 0.0003285094862803817 0
1752017274051 0.0003488216025289148 0
1752017281002 0.0022447877563536167 0
1752017296208 0.00031552143627777696 0
1752017311657 0.00035458322963677347 0
1752017327139 0.0 0
1752017342513 0.00034437834983691573 0
1752017357896 0.00035433907760307193 0
1752017373528 0.00034364592283964157 0
1752017388967 0.00033109731157310307 0
1752017400172 0.0013359342701733112 0
1752017415652 0.00034213229082524776 0
1752017431059 0.0003591241256799549 0
1752017446440 0.0 0
1752017461835 0.00029574643122032285 0
1752017477243 0.00036171198007650673 0
1752017492468 0.00030053150840103626 0
1752017507839 0.0 0
1752017523144 0.0 0
1752017538419 0.0003060977905988693 0
1752017553908 0.0 0
1752017569407 0.0003296813229098916 0
1752017584778 0.00034926104126498103 0
1752017600110 0.0 0
1752017615337 0.000360442470991984 0
1752017626924 0.0012997795129194856 0
1752017641603 0.0009933286346495152 0
1752017657098 0.0003585382364690304 0
1752017672495 0.0003101504407823086 0
1752017687927 0.00032221077708527446 0
1752017703145 0.0002940374833997339 0
1752017718422 0.0003125429793726653 0
1752017733875 0.0 0
1752017749170 0.00034989582491107285 0
1752017764376 0.00033041374990716577 0
1752017779620 0.0003430111682973802 0
1752017794994 0.0003535578725859523 0
1752017810345 0.0003426205657888204 0
1752017825636 0.0003288024745415896 0
1752017841017 0.0003313414636068046 0
1752017856450 0.0 0
1752017871851 0.0002945745945908129 0
1752017887252 0.0003589288389775902 0
1752017902634 0.0003553155984263867 0
1752017918076 0.0 0
1752017933475 0.0003169374540448189 0
1752017948701 0.00034315764787606895 0
1752017964032 0.0003218689817003906 0
1752017979384 0.00036112606176175177 0
1752017988083 0.0017944436985999346 0
1752018003457 0.0003604913072194904 0
1752018013205 0.0015447644982486963 0
1752018028601 0.0003019963332917541 0
1752018043936 0.0 0
1752018059351 0.00031488671083934605 0
1752018074761 0.0003110293473582715 0
1752018090196 0.0003483821637928486 0
1752018105650 0.00031215237686410546 0
1752018121067 0.00033192738192155957 0
1752018128834 0.0020247038919478655 0
1752018144239 0.0003051212406717241 0
1752018159456 0.0003524836793076247 0
1752018174770 0.0 0
1752018189970 0.00035136062069796026 0
1752018205250 0.000299017847282812 0
1752018213567 0.0018375067738816142 0
1752018228992 0.00034628258435986936 0
1752018244241 0.00034364592283964157 0
1752018257919 0.0006727668805979192 0
1752018273239 0.0003450618823990226 0
1752018288575 0.0003029728541150689 0
1752018303825 0.000362102611688897 0
1752018319123 0.00035160474362783134 0
1752018334596 0.0 0
1752018346487 0.0012687691487371922 0
1752018361758 0.0003601983771659434 0
1752018377084 0.0 0
1752018392447 0.000333050440531224 0
1752018407821 0.00029603939037770033 0
1752018423156 0.0003536067088134587 0
1752018438454 0.00033129265648312867 0
1752018453824 0.0003106387157458812 0
1752018469163 0.0 0
1752018484489 0.0003437924024183303 0
1752018499833 0.0 0
1752018515235 0.0003161561908200383 0
1752018530760 0.00035585270961746573 0
1752018546086 0.0 0
1752018561505 0.0003480403684079647 0
1752018572446 0.0014232662506401539 0
1752018587960 0.0 0
1752018603495 0.0003476009296718985 0
1752018618901 0.00035682928864844143 0
1752018634187 0.0003476985730230808 0
1752018649409 0.00032055063638836145 0
1752018664777 0.0003115664585493505 0
1752018679989 0.0 0
1752018695147 0.00035980771644972265 0
1752018710500 0.0003157167520839721 0
1752018725835 0.0003553644346538931 0
1752018738748 0.0011324695078656077 0
1752018754147 0.00030985751072876155 0
1752018769492 0.00035429024137556553 0
1752018781398 0.0008113320218399167 0
1752018796880 0.0 0
1752018812324 0.0 0
1752018822993 0.0014181571314111352 0
1752018838462 0.000330853188643232 0
1752018853940 0.0 0
1752018869314 0.00030380289535969496 0
1752018883230 0.0010346554918214679 0
1752018898563 0.0 0
1752018904775 0.002540948800742626 0
1752018911334 0.002421343931928277 0
1752018926633 0.0003523860068526119 0
1752018942051 0.00030419352697208524 0
1752018957339 0.0003119082539342344 0
1752018972581 0.0003450131043791771 0
1752018987980 0.0 0
1752019003483 0.0 0
1752019018825 0.00034960286575369537 0
1752019034251 0.0003263610997237265 0
1752019049702 0.0002950628404505551 0
1752019065165 0.00035429024137556553 0
1752019080679 0.0003574152069631964 0
1752019096070 0.0 0
1752019111415 0.0003600518684834242 0
1752019126758 0.0003620049392338842 0
1752019142152 0.00033720070496201515 0
1752019151298 0.0016470556147396564 0
1752019166726 0.0 0
1752019182157 0.0 0
1752019197552 0.0 0
1752019212880 0.0003575617156457156 0
1752019228251 0.0003111269907094538 0
1752019243640 0.00032611694769002497 0
1752019258983 0.00029999439720995724 0
1752019274397 0.000333050440531224 0
1752019289941 0.00030790441087447107 0
1752019305419 0.000322454929118976 0
1752019321016 0.0003336851659696549 0
1752019336486 0.00034818684798665345 0
1752019351882 0.00032997431117109954 0
1752019367331 0.0002944281150121242 0
1752019382673 0.00034428067738190293 0
1752019397964 0.0003577570023480803 0
1752019408026 0.001499185455031693 0
1752019423466 0.0003584405640140176 0
1752019438738 0.0003578546456992626 0
1752019454015 0.0003523371706251055 0
1752019469483 0.00033158561564050615 0
1752019484883 0.0003430111682973802 0
1752019500316 0.0003440365253482014 0
1752019515709 0.00036102841841056943 0
1752019525007 0.0016529640415683389 0
1752019540531 0.0003147402312606573 0
1752019555966 0.0 0
1752019571300 0.0003615167224779725 0
1752019586700 0.00034369475906714797 0
1752019602064 0.0 0
1752019617380 0.00033270864514634013 0
1752019632739 0.00034174168831668794 0
1752019648117 0.0003294371999800205 0
1752019663504 0.00033676132443360984 0
1752019678994 0.0003010685904882848 0
1752019694405 0.00032758177258074284 0
1752019709928 0.0 0
1752019722653 0.0011540994746610522 0
1752019737891 0.0003400326822884381 0
1752019747836 0.0015394121874123812 0
1752019763300 0.0 0
1752019778938 0.0003281676908954978 0
1752019794509 0.0 0
1752019810058 0.00035429024137556553 0
1752019825397 0.0 0
1752019840715 0.0003168886178173125 0
1752019855970 0.0003046329948119819 0
1752019871256 0.00035878235939890146 0
1752019886543 0.0003501887549646199 0
1752019901941 0.00032997431117109954 0
1752019917201 0.00033461287966929376 0
1752019930517 0.0010904183145612478 0
1752019945888 0.0003108340606559068 0
1752019961442 0.0 0
1752019969705 0.0018707955023273826 0
1752019978756 0.0016890382394194603 0
1752019994134 0.00034813801175914705 0
1752020009478 0.0003577081661205739 0
1752020024916 0.0 0
1752020040315 0.0003388608747627586 0
1752020055723 0.0 0
1752020071049 0.00035053055034950376 0
1752020086503 0.0 0
1752020101727 0.00035087234573438764 0
1752020117018 0.00035873352317139506 0
1752020132324 0.00035673161619342864 0
1752020147735 0.0002943304425571114 0
1752020163073 0.0003223572566639632 0
1752020178544 0.0 0
1752020193825 0.00032387091778218746 0
1752020209049 0.0 0
1752020224530 0.0003237244382034987 0
1752020239984 0.00034935871371999383 0
1752020255410 0.0003523860068526119 0
1752020270863 0.0003440853615757078 0
1752020286422 0.0 0
1752020301818 0.0 0
1752020312526 0.001429427182301879 0
1752020325852 0.0011265759821981192 0
1752020341199 0.00035624337033368647 0
1752020356547 0.0003044865152332932 0
1752020372492 0.00030438887188211083 0
1752020387984 0.00029481868841685355 0
1752020400737 0.0011291932314634323 0
1752020416146 0.00035682928864844143 0
1752020431738 0.0002992619702126831 0
1752020440541 0.0017811856232583523 0
1752020455859 0.00035995422513224185 0
1752020471279 0.0003240173973608762 0
1752020486737 0.0003348081954754889 0
1752020502196 0.00031986707472242415 0
1752020517694 0.0 0
1752020531904 0.0010309889912605286 0
1752020543259 0.001312803360633552 0
1752020558717 0.0003627373662311584 0
1752020574162 0.0003488216025289148 0
1752020589461 0.0003469661751296371 0
1752020604824 0.0002986760518979281 0
1752020619853 0.000927534478250891 0
1752020635095 0.00033236684976145625 0
1752020650321 0.00034623374813236296 0
1752020665754 0.0 0
1752020681136 0.0003348081954754889 0
1752020695591 0.0006348926690407097 0
1752020708781 0.0007172072655521333 0
1752020718425 0.001589014078490436 0
1752020733927 0.00031137114274315536 0
1752020749441 0.00032323613413609564 0
1752020764920 0.00034716149093583226 0
1752020780312 0.0 0
1752020795729 1.2097804312147242e-12 0
1752020810133 0.0009783662389963865 0
1752020825429 0.0 0
1752020840657 0.00034208345459774137 0
1752020855902 0.0003003361925948411 0
1752020871276 0.0 0
1752020886098 0.0009595755254849792 0
1752020901422 0.0003575617156457156 0
1752020916813 0.00034813801175914705 0
1752020932093 0.00032963251578621566 0
1752020947546 0.00036093074595555663 0
1752020962932 0.0003281676908954978 0
1752020978425 0.00034266937291249633 0
1752020993907 0.0003575128794182092 0
1752021000319 0.0025124941021203995 0
1752021010800 0.001459187944419682 0
1752021026259 0.0003603936929721385 0
1752021037769 0.0013186620781198144 0
1752021053099 0.0 0
1752021068465 0.0003525812935549766 0
1752021083837 0.0 0
1752021099210 0.00035477851633913815 0
1752021114606 0.0 0
1752021130081 0.0003563410136848688 0
1752021145408 0.0003044865152332932 0
1752021160786 0.0002942327701020986 0
1752021176161 0.0003488704387564212 0
1752021191579 0.00032841184292919934 0
1752021201402 0.0015166602097451687 0
1752021216812 0.0003539972531143576 0
1752021232329 0.00036224909126758575 0
1752021246706 0.0010367454960942268 0
1752021262175 0.00033832379267551005 0
1752021277774 0.00035453439340926707 0
1752021293309 0.0003068790538236499 0
1752021303574 0.0014715750003233552 0
1752021319052 0.0 0
1752021332217 0.0011407618876546621 0
1752021347668 0.000324993918184191 0
1752021363027 0.0 0
1752021378332 0.00034364592283964157 0
1752021393662 0.0003321226977277547 0
1752021409060 0.0 0
1752021424413 0.00033783551771193743 0
1752021439694 0.00033099966822192073 0
1752021455181 0.0003056583518628031 0
1752021470612 0.0 0
1752021485966 0.0003076114517170936 0
1752021501354 0.0003591241256799549 0
1752021516735 0.0003603448567446321 0
1752021521739 0.003247315064072609 0
1752021533044 0.001309784478507936 0
1752021548382 0.0 0
1752021563690 0.00033764017280191183 0
1752021579075 0.0003404721792321652 0
1752021594418 0.0002993108064401895 0
1752021609689 0.0 0
1752021621709 0.0012207631953060627 0
1752021636998 0.00035868468694388866 0
1752021652341 0.0003349058679305017 0
1752021667630 0.00032963251578621566 0
1752021682926 0.00033466171589680016 0
1752021698441 0.0 0
1752021712675 0.001026915037073195 0
1752021728178 0.00035487618879415095 0
1752021743553 0.00033720070496201515 0
1752021756382 0.0011307498207315803 0
1752021771645 0.00033148794318549335 0
1752021786891 0.0003428647178225219 0
1752021802181 0.0002955511154141277 0
1752021817566 0.0003554132708813995 0
1752021832847 0.0003616631729528308 0
1752021848183 0.0003480892046354711 0
1752021863608 0.00032260140869766474 0
1752021879125 0.0003535090363584459 0
1752021894542 0.0003257263160776347 0
1752021909982 0.0003451595548540354 0
1752021925332 0.000359026511432603 0
1752021940840 0.0 0
1752021956289 0.0 0
1752021971735 0.00029682062449865043 0
1752021983034 0.0013355599949136376 0
1752021998429 0.0 0
1752022013822 0.0 0
1752022029085 0.00035424140514805913 0
1752022044385 0.0 0
1752022059762 0.00032382208155468106 0
1752022070858 0.00137510325293988 0
1752022086351 0.0 0
1752022101722 0.0003083926858380437 0
1752022117241 0.0003490657254587859 0
1752022132605 0.00034086278174072504 0
1752022148174 0.0 0
1752022163694 0.0 0
1752022179302 0.0 0
1752022194996 0.0 0
1752022210659 0.0003491145616862923 0
1752022225169 0.0009688283316791058 0
1752022240477 0.00031815809779800475 0
1752022255882 0.00032797237508930266 0
1752022265642 0.0015665055252611637 0
1752022281001 0.00029379333136603236 0
1752022296404 0.00030316816992126405 0
1752022311797 0.0 0
1752022327207 0.0003584405640140176 0
1752022342631 0.0003207459521945566 0
1752022358146 0.0003034123219549656 0
1752022373513 0.0 0
1752022387515 0.0010389850940555334 0
1752022402916 0.0 0
1752022418300 0.0 0
1752022433619 0.0003604913072194904 0
1752022449044 0.00034476895234547555 0
1752022464399 0.000324407999869436 0
1752022479757 0.00032680053845979273 0
1752022495259 0.0 0
1752022510688 0.0 0
1752022526028 0.0003162538632750511 0
1752022541236 0.00035087234573438764 0
1752022556534 0.00034452482941560447 0
1752022572147 0.0003134218859486282 0
1752022587655 0.0 0
1752022603228 0.0003578058385755867 0
1752022618617 0.0003102969203609973 0
1752022634132 0.00032553102937527 0
1752022649471 0.00035975888022221625 0
1752022664814 0.0003511653339955956 0
1752022680266 0.00031483787461183965 0
1752022695712 0.0 0
1752022711021 0.00030868564499542117 0
1752022726441 0.0 0
1752022741862 0.0 0
1752022757151 0.0003263610997237265 0
1752022772556 0.0003270934976171702 0
1752022787924 0.00033119498402811587 0
1752022803268 0.0003404721792321652 0
1752022818618 0.0003247009590268135 0
1752022834023 0.0 0
1752022849276 0.0003453548706602305 0
1752022864632 0.0003253357426729053 0
1752022879900 0.00033666365197859704 0
1752022886684 0.0023536733351647854 0
1752022901983 0.00033143910695798695 0
1752022917316 0.00035668277996592224 0
1752022932828 0.0 0
1752022948283 0.00035668277996592224 0
1752022963646 0.0003247497952543199 0
1752022978975 0.0 0
1752022986161 0.0021979580633342266 0
1752023001634 0.0003349058679305017 0
1752023017036 0.0 0
1752023028590 0.0012810321059077978 0
1752023032762 0.003977695479989052 0
1752023048139 0.0 0
1752023063662 0.0003184999222867191 0
1752023079119 0.0003103457565885037 0
1752023094538 0.0003474056429695338 0
1752023109927 0.0 0
1752023125296 0.0003015080583281815 0
1752023140786 0.0 0
1752023156234 0.0 0
1752023171660 0.00034428067738190293 0
1752023187099 0.0 0
1752023202573 0.0003231384907849133 0
1752023216442 0.0006697236094623804 0
1752023231740 0.0 0
1752023247111 0.000354046089341864 0
1752023262534 0.000316058547468856 0
1752023277758 0.0003257263160776347 0
1752023293217 0.000333636358845979 0
1752023308593 0.0 0
1752023318406 0.0015525823691859841 0
1752023333646 0.0003593682777136564 0
1752023349015 0.00030092214001342654 0
1752023364355 0.00036088190972805023 0
1752023379971 0.0003578546456992626 0
1752023395411 0.0003158632607664913 0
1752023410914 0.0 0
1752023426272 0.0003459896252024919 0
1752023441649 0.0 0
1752023456935 0.0003620049392338842 0
1752023472302 0.0 0
1752023487679 0.0 0
1752023503019 0.00033558945870026946 0
1752023518322 0.00035931944148615 0
1752023525348 0.002263649832457304 0
1752023540747 0.00030189866083674133 0
1752023556123 0.00034432951360940933 0
1752023571586 0.0003175721794832498 0
1752023586999 0.0 0
1752023602546 0.0003208924608770758 0
1752023617939 0.0 0
1752023633413 0.00029584410367533565 0
1752023648931 0.0003531184047460556 0
1752023664259 0.0003156679158564657 0
1752023672371 0.0012494678376242518 0
1752023687778 0.00033812844776548445 0
1752023693964 0.002587354276329279 0
1752023709224 0.0003578058385755867 0
1752023724584 0.00032099010422825813 0
1752023740059 0.00035878235939890146 0
1752023755495 0.0003602471842896193 0
1752023770992 0.000361565500497818 0
1752023786530 0.00030897860415279865 0
1752023802038 0.00033422227716073394 0
1752023817428 0.0003152772842440754 0
1752023832925 0.0 0
1752023842426 0.0015924692852422595 0
1752023857415 0.000962037593126297 0
1752023872794 0.0003191834839526564 0
1752023888396 0.0 0
1752023895474 0.0022829086519777775 0
1752023910872 0.00035614569787867367 0
1752023926316 0.0 0
1752023933159 0.0022861910983920097 0
1752023947096 0.0010255859233438969 0
1752023962940 0.0003434017999097705 0
1752023978649 0.0003580987686291337 0
1752023994073 0.000360442470991984 0
1752024009400 0.00031669330201111734 0
1752024024983 0.0003614678862504661 0
1752024040423 0.000347307970514521 0
1752024055798 0.00030180098838172853 0
1752024071135 0.0 0
1752024086559 0.00035521795507520437 0
1752024102032 0.00034174168831668794 0
1752024117528 0.0 0
1752024133038 0.00033671248820610344 0
1752024147818 0.000989410444162786 0
1752024163054 0.00033314808388240635 0
1752024178315 0.0003535090363584459 0
1752024193736 0.00035292305983603 0
1752024209063 0.0 0
1752024224447 0.0 0
1752024239849 0.0 0
1752024255130 0.00035590154584497213 0
1752024270732 0.0003518488665577024 0
1752024286277 0.0003002385201398283 0
1752024301708 0.0 0
1752024315487 0.0010444681392982602 0
1752024331013 0.000329730159137398 0
1752024346487 0.0 0
1752024358363 0.0008138437988236547 0
1752024373852 0.00035834292066283524 0
1752024389251 0.00034921220503747463 0
1752024404677 0.0 0
1752024420060 0.00032767944503575563 0
1752024424277 0.004037586972117424 0
1752024439545 0.00030385173158720136 0
1752024454914 0.0 0
1752024470218 0.0003491633979137987 0
1752024485567 0.0003409604250919074 0
1752024494113 0.0018042357405647635 0
1752024507782 0.0010456390446051955 0
1752024523240 0.0003584405640140176 0
1752024538557 0.0 0
1752024553908 0.00035585270961746573 0
1752024569359 0.0 0
1752024584903 0.0003106875519733876 0
1752024600341 0.0003602960205171257 0
1752024608994 0.0018144476925954223 0
1752024624407 0.0 0
1752024634367 0.0015132914995774627 0
1752024649783 0.0003073673287872225 0
1752024665283 0.0003600518684834242 0
1752024680641 0.0 0
1752024696031 0.00035463206586427987 0
1752024702316 0.0025201337411999702 0
1752024717643 0.0 0
1752024729107 0.0013103128876537085 0
1752024744597 0.0 0
1752024759982 0.0003578546456992626 0
1752024775428 0.0003186952380929142 0
1752024790986 0.0 0
1752024806422 0.00034818684798665345 0
1752024821994 0.0003563898499123752 0
1752024837461 0.0003535578725859523 0
1752024850381 0.0011343453079462051 0
1752024866190 0.00034930987749248743 0
1752024881616 0.00032255257247015834 0
1752024897077 0.0003053165564779192 0
1752024912504 0.00033109731157310307 0
1752024927905 0.0003061466268263757 0
1752024943254 0.0003351499908603728 0
1752024949149 0.002754062646999955 0
1752024964453 0.00032807004754431546 0
1752024979462 0.0009619623888283968 0
1752024994979 0.00033471055212430656 0
1752025010421 0.00036220025504007936 0
1752025025844 0.00031664446578361094 0
1752025041315 0.00031791397486813366 0
1752025056812 0.000299554958473891 0
1752025072266 0.0003589288389775902 0
1752025087756 0.00035057938657701015 0
1752025103286 0.00036083307350054383 0
1752025118716 0.0003434017999097705 0
1752025134053 0.00034208345459774137 0
1752025149541 0.00031283593853004277 0
1752025164960 0.0 0
1752025180343 0.0003463802277110517 0
1752025195693 0.0 0
1752025211171 0.0003535090363584459 0
1752025218443 0.0014252098044380546 0
1752025233834 0.0 0
1752025249104 0.000360442470991984 0
1752025264527 0.0003404233430046588 0
1752025279911 0.00036180965253151953 0
1752025295319 0.000316058547468856 0
1752025310776 0.0003177675243932754 0
1752025326329 0.0 0
1752025341736 0.0003560968616511673 0
1752025357087 0.00033612651168368757 0
1752025372485 0.00030824620625935495 0
1752025387960 0.0 0
1752025403356 0.00030780673841945827 0
1752025418782 0.00031430076342076063 0
1752025434160 0.000324993918184191 0
1752025449438 0.0 0
1752025464861 0.0 0
1752025480320 0.0003148867399431765 0
1752025495728 0.0 0
1752025511140 0.0 0
1752025526647 0.00032621462014503777 0
1752025542133 0.00035292305983603 0
1752025555112 0.0011101458221673965 0
1752025565893 0.0014111673226580024 0
1752025581271 0.0 0
1752025595941 0.000978375319391489 0
1752025611262 0.00035673161619342864 0
1752025616079 0.003384455107152462 0
1752025629998 0.0010131465969607234 0
1752025639287 0.0016620901878923178 0
1752025654596 0.00031815809779800475 0
1752025669987 0.0003247986314818263 0
1752025685314 0.0003180604544468224 0
1752025700607 0.00033226917730644345 0
1752025715999 0.0 0
1752025731364 0.00035966126597486436 0
1752025746749 0.0003580987686291337 0
1752025759113 0.0012167268432676792 0
1752025774378 0.0009520314051769674 0
1752025789758 0.0003544367500580847 0
1752025796801 0.0022847854997962713 0
1752025812272 0.0 0
1752025827672 0.0 0
1752025843049 0.0 0
1752025858269 0.00032323613413609564 0
1752025873711 0.0 0
1752025889079 0.0003452572273090482 0
1752025904516 0.0 0
1752025919906 0.0003122988564427942 0
1752025928839 0.0017207773635163903 0
1752025944157 0.0003243591636419296 0
1752025959486 0.00035927060525864363 0
1752025974937 0.0 0
1752025990388 0.00029730889946222305 0
1752026005660 0.0003623955708462745 0
1752026020943 0.0003391538339201361 0
1752026036404 0.0 0
1752026051840 0.00032836300670169294 0
1752026067290 0.0 0
1752026082643 0.00035975888022221625 0
1752026097942 0.0003602960205171257 0
1752026113247 0.00033827495644800365 0
1752026121178 0.001995428930968046 0
1752026131984 0.001382481656037271 0
1752026147403 0.0 0
1752026162741 0.0003114687860943377 0
1752026168192 0.001954115694388747 0
1752026183635 0.00035888003185391426 0
1752026198338 0.0009888025233522058 0
1752026213800 0.0003292907204013318 0
1752026229211 0.0 0
1752026244667 0.0003363218274898827 0
1752026260073 0.0003104922652710229 0
1752026275622 0.0 0
1752026291196 0.0 0
1752026306663 0.0003307067381683737 0
1752026322141 0.0 0
1752026337494 0.0003531184047460556 0
1752026352855 0.00036097958218306303 0
1752026363965 0.0013701177667826414 0
1752026379318 0.0003370054473634809 0
1752026394654 0.0 0
1752026409979 0.00035673161619342864 0
1752026425463 0.0 0
1752026441011 0.00035316721186973155 0
1752026456509 0.0003575128794182092 0
1752026471944 0.00031356836552731693 0
1752026487418 0.00030780673841945827 0
1752026502868 0.000356487522367388 0
1752026518431 0.00033236684976145625 0
1752026532484 0.0010540944058448076 0
1752026547881 0.0003237244382034987 0
1752026557616 0.0015479670837521553 0
1752026572902 0.0003580499324016273 0
1752026588180 0.00029574643122032285 0
1752026603522 0.0003441341978032142 0
1752026618738 0.00035097001818940043 0
1752026634023 0.0003574152069631964 0
1752026649307 0.000342571729561314 0
1752026664556 0.0 0
1752026679870 0.0003563410136848688 0
1752026695209 0.0003289489250164479 0
1752026710693 0.0003061466268263757 0
1752026726085 0.0 0
1752026740102 0.0010595935164019465 0
1752026755496 0.0003302184632048011 0
1752026771061 0.0002945745945908129 0
1752026786508 0.0 0
1752026801888 0.0003419369750190526 0
1752026817329 0.0 0
1752026832749 0.00033427111338824034 0
1752026848180 0.0 0
1752026856466 0.001892557367682457 0
1752026871844 0.0003069278609473258 0
1752026887195 0.0003434994723647833 0
1752026902601 0.00032807004754431546 0
1752026918160 0.0 0
1752026933562 0.0003530207322910428 0
1752026948975 0.0003477474092505872 0
1752026964444 0.000341985811246559 0
1752026980090 0.0003324644931126386 0
1752026995687 0.00029535579960793257 0
1752027011188 0.00035873352317139506 0
1752027015208 0.004207753110677004 0
1752027030691 0.0002934026997536421 0
1752027044515 0.0006770658656023443 0
1752027059953 0.0 0
1752027070308 0.0014656140701845288 0
1752027085730 0.0 0
1752027101156 0.00035619453410618007 0
1752027116519 0.0003130312543362379 0
1752027131839 0.00035453439340926707 0
1752027147375 0.0 0
1752027162890 0.0 0
1752027170134 0.0021723564714193344 0
1752027185562 0.0 0
1752027200960 0.0 0
1752027216548 0.0 0
1752027232016 0.0003330992767587304 0
1752027243753 0.0012741709360852838 0
1752027259246 0.000314935517963022 0
1752027274838 0.0003301207907497883 0
1752027290288 0.0003112246631644666 0
1752027305719 0.00035565742291510105 0
1752027321059 0.00032094126800075173 0
1752027336497 0.0003452572273090482 0
1752027342219 0.002900144550949335 0
1752027357518 0.0003263610997237265 0
1752027366503 0.0017436039634048939 0
1752027381797 0.0003328062884975225 0
1752027397474 0.0 0
1752027412951 0.0003313414636068046 0
1752027428368 0.00035087234573438764 0
1752027443797 0.00031786513864062726 0
1752027459222 0.0003593682777136564 0
1752027474742 0.0003527277731336653 0
1752027490340 0.00030556070851162076 0
1752027505843 0.0 0
1752027521445 0.0003180604544468224 0
1752027536768 0.00034218112705275416 0
1752027552135 0.000333636358845979 0
1752027568126 0.0003427670453675091 0
1752027583708 0.0003359800612088293 0
1752027599224 0.0 0
1752027614728 0.0 0
1752027630362 0.0003512629773467779 0
1752027645854 0.00033822612022049725 0
1752027661259 0.0 0
1752027673215 0.0012283044634386897 0
1752027688564 0.00030575599521398544 0
1752027704045 0.0003400815185159445 0
1752027719598 0.0 0
1752027735106 0.0 0
1752027750697 0.0 0
1752027766128 0.00034271820914000273 0
1752027781522 0.0 0
1752027797028 0.00029574643122032285 0
1752027812469 0.00035819641198031604 0
1752027827868 0.00035682928864844143 0
1752027843319 0.0 0
1752027858744 0.0003488216025289148 0
1752027874251 0.00030072679510340095 0
1752027889800 0.00035956359351985157 0
1752027905129 0.0003476009296718985 0
1752027920471 0.0 0
1752027936044 0.000318548729410395 0
1752027951516 0.00036229792749509215 0
1752027967157 0.00033046258613467216 0
1752027982597 0.000350384070770815 0
1752027997996 0.0 0
1752028013571 0.0 0
1752028029072 0.0 0
1752028044532 0.0 0
1752028060006 0.0 0
1752028075364 0.00033563829492777586 0
1752028090709 0.00036171198007650673 0
1752028106292 0.00030556070851162076 0
1752028121738 0.0 0
1752028134038 0.00119832344353199 0
1752028149555 0.0 0
1752028165095 0.00029335389262996614 0
1752028180573 0.0003602471842896193 0
1752028195841 0.0009689825819805264 0
1752028211374 0.0003594171139411628 0
1752028226825 0.0003061954630538821 0
1752028242263 0.0 0
1752028257759 0.0003210389113519341 0
1752028273160 0.0003297789953649044 0
1752028287561 0.0010203078854829073 0
1752028303074 0.0 0
1752028318442 0.00035595038207247853 0
1752028333786 0.000352630129782483 0
1752028344068 0.0014902114635333419 0
1752028359628 0.0 0
1752028373809 0.0010018469765782356 0
1752028389188 0.00032758177258074284 0
1752028404802 0.0 0
1752028420279 0.0 0
1752028435826 0.0003013616078533232 0
1752028451371 0.00034813801175914705 0
1752028466848 0.0 0
1752028482269 0.00029389100382104516 0
1752028497699 0.0003083926858380437 0
1752028513084 0.000294281606329605 0
1752028528455 0.0 0
1752028543808 0.00036220025504007936 0
1752028559185 0.00030355880153365433 0
1752028574578 0.00035487618879415095 0
1752028589998 0.0 0
1752028605333 0.00033314808388240635 0
1752028620834 0.00033817728399299085 0
1752028636266 0.00035292305983603 0
1752028651842 0.0 0
1752028667406 0.0 0
1752028683065 0.0 0
1752028698577 0.0003398862318135798 0
1752028714044 0.0003389584890101105 0
1752028729472 0.0003324156568851322 0
1752028744880 0.0 0
1752028760280 0.0003341246338095516 0
1752028775758 0.00035429024137556553 0
1752028791230 0.00033119498402811587 0
1752028806646 0.0002972112561110407 0
1752028822084 0.0003119082539342344 0
1752028837518 0.0 0
1752028852918 0.00035375315928831697 0
1752028868412 0.0003045353223569691 0
1752028883946 0.00031293361098505557 0
1752028899523 0.00034052098635584116 0
1752028906722 0.002288038842380047 0
1752028922242 0.0 0
1752028935534 0.0011083625722676516 0
1752028951016 0.0 0
1752028966499 0.00031010163365863264 0
1752028969901 0.005095401778817177 0
1752028985447 0.0003348081954754889 0
1752029000872 0.000326654058881104 0
1752029016368 0.00032919307705014944 0
1752029031776 0.00035097001818940043 0
1752029047120 0.0 0
1752029062592 0.00033622418413870037 0
1752029068345 0.002826085314154625 0
1752029083791 0.00034432951360940933 0
1752029094539 0.0014297203160822392 0
1752029109966 0.0003375425294507295 0
1752029125395 0.0 0
1752029140826 0.00035927060525864363 0
1752029156329 0.00032597046811133623 0
1752029171736 0.00035834292066283524 0
1752029187171 0.00033778668148443103 0
1752029202547 0.0 0
1752029217882 0.00035595038207247853 0
1752029233387 0.0003504329069983214 0
1752029243615 0.001490521477535367 0
1752029258986 0.0 0
1752029274523 0.0 0
1752029281905 0.0021410284098237753 0
1752029297420 0.00031513083376921713 0
1752029312848 0.00035975888022221625 0
1752029328326 0.0 0
1752029343994 0.0003575617156457156 0
1752029357833 0.0010468803811818361 0
1752029373540 0.0003330016043037176 0
1752029384078 0.0014496087096631527 0
1752029399498 0.0003104434290435165 0
1752029415163 0.0003429623320698738 0
1752029430658 0.0003614678862504661 0
1752029446165 0.0 0
1752029454316 0.0019246164010837674 0
1752029468725 0.0009930286323651671 0
1752029484179 0.0003289977612439543 0
1752029498345 0.0010297648841515183 0
1752029513829 0.0 0
1752029525794 0.0012221864890307188 0
1752029541238 0.0003577570023480803 0
1752029546248 0.0033130610827356577 0
1752029561860 0.0 0
1752029577461 0.0003511653339955956 0
1752029592930 0.0003296813229098916 0
1752029608503 0.0 0
1752029623934 0.00036088190972805023 0
1752029639340 0.0003614678862504661 0
1752029654966 0.00034310881164856255 0
1752029670295 0.00035927060525864363 0
1752029685719 0.00030746497213840485 0
1752029701158 0.0003138613246846944 0
1752029716695 0.0 0
1752029732079 0.0003585382364690304 0
1752029747495 0.00030897860415279865 0
1752029753341 0.002820434980094433 0
1752029768731 0.0003402280271984637 0
1752029777391 0.00178157864138484 0
1752029793044 0.0003577570023480803 0
1752029808473 0.00033832379267551005 0
1752029823913 0.0003335875226184726 0
1752029839244 0.0003535090363584459 0
1752029854796 0.0 0
1752029870346 0.0003327574522700161 0
1752029877375 0.0022836923599243164 0
1752029892902 0.000317718688165769 0
1752029908362 0.0 0
1752029920674 0.0012141754850745201 0
1752029936122 0.00033939798595383763 0
1752029951616 0.0 0
1752029967181 0.00036093074595555663 0
1752029982580 0.0009266385459341109 0
1752029998009 0.0 0
1752030013416 0.00035980771644972265 0
1752030028930 0.0003518488665577024 0
1752030044395 0.0003554621071089059 0
1752030059824 0.00029389100382104516 0
1752030075212 0.00031312889768742025 0
1752030090687 0.00035223952727392316 0
1752030106194 0.0 0
1752030121755 0.0003049259539693594 0
1752030137280 0.00033724954118952155 0
1752030152832 0.00035087234573438764 0
1752030168305 0.0 0
1752030183674 0.0003510188253130764 0
1752030199080 0.0003437435661908239 0
1752030214403 0.00035136062069796026 0
1752030229787 0.0 0
1752030245160 0.00033041374990716577 0
1752030260606 0.0003045353223569691 0
1752030276131 0.0002952093200292438 0
1752030291534 0.0003287536383140832 0
1752030301914 0.0014997143298387527 0
1752030317397 0.0 0
1752030332850 0.0003163515357300639 0
1752030348410 0.0 0
1752030363905 0.0 0
1752030379315 0.0003364194999448955 0
1752030394760 0.0 0
1752030410235 0.0003052189131267369 0
1752030425720 0.00029882253147661686 0
1752030441058 0.0003525812935549766 0
1752030455758 0.0009542609332129359 0
1752030464990 0.001647510682232678 0
1752030480493 0.0003268981818109751 0
1752030495958 0.00035956359351985157 0
1752030511565 0.0 0
1752030527007 0.00035624337033368647 0
1752030542448 0.00036058895057067275 0
1752030557871 0.00031381251756101847 0
1752030573493 0.0003550226683728397 0
1752030588978 0.0 0
1752030604507 0.0 0
1752030620062 0.0 0
1752030635358 0.00031278710230253637 0
1752030650624 0.0003585870726965368 0
1752030666023 0.0 0
1752030681388 0.00035521795507520437 0
1752030696807 0.0003154237929265946 0
1752030712220 0.00032020887010730803 0
1752030727707 0.0 0
1752030743111 0.0003453060344327241 0
1752030758550 0.00033685893868096173 0
1752030774013 0.00035599921829998493 0
1752030789535 0.0003589776752050966 0
1752030804963 0.0003429623320698738 0
1752030820454 0.0 0
1752030835997 0.0003513118135742843 0
1752030851574 0.00034452482941560447 0
1752030867171 0.0 0
1752030882604 0.00033724954118952155 0
1752030897935 0.00035599921829998493 0
1752030913262 0.00035834292066283524 0
1752030928584 0.0 0
1752030943954 0.0003337340021971613 0
1752030959362 0.0 0
1752030974856 0.0 0
1752030990342 0.00031830460648052394 0
1752031005806 0.00030399824026972055 0
1752031021121 0.0003163515357300639 0
1752031036523 0.00035424140514805913 0
1752031047740 0.0013447285164147615 0
1752031063139 0.0003531184047460556 0
1752031078562 0.00035599921829998493 0
1752031094089 0.0 0
1752031109580 0.0003013615496456623 0
1752031125045 0.00030116623383946717 0
1752031140348 0.0003592217981349677 0
1752031155982 0.0 0
1752031171900 0.0 0
1752031187482 0.00032958367955870926 0
1752031202937 0.0003614190500229597 0
1752031218479 0.00036107722553424537 0
1752031233911 0.0003623955708462745 0
1752031239948 0.0027661093045026064 0
1752031255490 0.0003153261204715818 0
1752031270946 0.00035966126597486436 0
1752031286360 0.0003541437617968768 0
1752031301770 0.0003569269028957933 0
1752031317346 0.00032426154939457774 0
1752031327939 0.0014452373143285513 0
1752031343411 0.00034222996328026056 0
1752031352130 0.001158283674158156 0
1752031367480 0.0003619072667788714 0
1752031383008 0.0 0
1752031398410 0.00033036491367965937 0
1752031402834 0.0036904090084135532 0
1752031414713 0.0012717039790004492 0
1752031430208 0.0 0
1752031445633 0.0 0
1752031460985 0.00035077467327937484 0
1752031476482 0.000343987689120695 0
1752031491933 0.0003084415220655501 0
1752031507355 0.0003577081661205739 0
1752031522760 0.0 0
1752031538130 0.0003296813229098916 0
1752031553616 0.0003604913072194904 0
1752031569052 0.0 0
1752031584607 0.0003329039318487048 0
1752031600087 0.00033969091600738466 0
1752031609757 0.0010310234501957893 0
1752031625194 0.0 0
1752031640701 0.0 0
1752031656141 0.0003173280565533787 0
1752031671593 0.0 0
1752031674726 0.005469985771924257 0
1752031690020 0.0003122500202152878 0
1752031705607 0.0003578546456992626 0
1752031721036 0.00035585270961746573 0
1752031736475 0.00035223952727392316 0
1752031751893 0.0 0
1752031767453 0.0003024357429239899 0
1752031783014 0.0003274352930020541 0
1752031798555 0.0 0
1752031814038 0.00032797237508930266 0
1752031829574 0.00034208345459774137 0
1752031845111 0.0 0
1752031860598 0.00034921220503747463 0
1752031875846 0.0003527766093611717 0
1752031891195 0.00033812844776548445 0
1752031906572 0.00033715192694216967 0
1752031922005 0.00030814853380434215 0
1752031937341 0.0003453548706602305 0
1752031952828 0.0003564386861398816 0
1752031968312 0.0 0
1752031983816 0.0 0
1752031999172 0.0003580987686291337 0
1752032014663 0.0003576593298930675 0
1752032030167 0.000321331899613142 0
1752032045653 0.000333050440531224 0
1752032061200 0.0 0
1752032076741 0.00032255257247015834 0
1752032092028 0.00036117489798925817 0
1752032107384 0.0003305113932583481 0
1752032122843 0.0003115664585493505 0
1752032138238 0.00032963251578621566 0
1752032153530 0.00034930987749248743 0
1752032168935 0.0002951605129055679 0
1752032184339 0.0003569757391232997 0
1752032199778 0.00031430076342076063 0
1752032211470 0.0012879902496933937 0
1752032221554 0.0014972840435802937 0
1752032236923 0.0003519953752402216 0
1752032252283 0.00033666365197859704 0
1752032267801 0.0 0
1752032283309 0.0 0
1752032298768 0.0003354429791215807 0
1752032314150 0.00036078429548069835 0
1752032329594 0.0003593682777136564 0
1752032344962 0.0003060489834751934 0
1752032360368 0.0003189393610227853 0
1752032375921 0.00033583358163014054 0
1752032391389 0.0003298278315924108 0
1752032406808 0.0003489680530037731 0
1752032422263 0.00033231801353394985 0
1752032437745 0.0003391538339201361 0
1752032453060 0.0003515559365041554 0
1752032461883 0.0017631729133427143 0
1752032467357 0.0029601266141980886 0
1752032476006 0.001810646615922451 0
1752032491483 0.0003163026995025575 0
1752032506995 0.00035521795507520437 0
1752032522565 0.0 0
1752032538142 0.0003176210157107562 0
1752032551549 0.0007044961676001549 0
1752032558063 0.0024706493131816387 0
1752032573492 0.00034633142058737576 0
1752032588809 0.0003605401434469968 0
1752032604183 0.00033319692010991275 0
1752032619619 0.0 0
1752032634992 0.00033817728399299085 0
1752032650320 0.0003541437617968768 0
1752032665806 0.00034589198185130954 0
1752032681327 0.0003434017999097705 0
1752032696764 0.00035424140514805913 0
1752032712195 0.00031220121309161186 0
1752032727604 0.0003005803155247122 0
1752032743046 0.00035717105492949486 0
1752032758489 0.0003511164977680892 0
1752032774002 0.0003476497658994049 0
1752032786907 0.0011338872136548162 0
1752032801957 0.0009591107373125851 0
1752032817321 0.0 0
1752032832797 0.0003248474677093327 0
1752032848278 0.0003298278315924108 0
1752032858336 0.001512083224952221 0
1752032873681 0.0003578546456992626 0
1752032889065 0.00034179052454419434 0
1752032904368 0.00036180965253151953 0
1752032919766 0.0003348081954754889 0
1752032935255 0.0003410580975469202 0
1752032947745 0.0012032941449433565 0
1752032963193 0.0 0
1752032978832 0.0003266052226535976 0
1752032994351 0.0 0
1752033009887 0.00035336255677975714 0
1752033021572 0.0013104310492053628 0
1752033036909 0.0003267028951086104 0
1752033052362 0.0002951605129055679 0
1752033067835 0.0002967229811474681 0
1752033083217 0.0 0
1752033098766 0.0 0
1752033114177 0.0003594659501686692 0
1752033129585 0.0003477474092505872 0
1752033145144 0.0 0
1752033160673 0.0 0
1752033176065 0.0 0
1752033191512 0.0003341246338095516 0
1752033207170 0.0003529718960635364 0
1752033218917 0.0012755518546327949 0
1752033234453 0.00029882253147661686 0
1752033249992 0.0 0
1752033265532 0.0 0
1752033281135 0.0003613213775679469 0
1752033296532 0.0003307555161882192 0
1752033310582 0.0010057800682261586 0
1752033326078 0.00031513083376921713 0
1752033341591 0.00036107722553424537 0
1752033357052 0.0002947698812931776 0
1752033370438 0.0010846483055502176 0
1752033385985 0.0 0
1752033401643 0.0002971624198835343 0
1752033417175 0.00031439843587577343 0
1752033432579 0.00035228836350142956 0
1752033448124 0.0 0
1752033463551 0.00034481778857298195 0
1752033474927 0.0008577343542128801 0
1752033490394 0.0003134218859486282 0
1752033505821 0.0003257751523051411 0
1752033521854 0.00033812844776548445 0
1752033537552 0.00029594171792268753 0
1752033553079 0.0 0
1752033568831 0.0003564386861398816 0
1752033584388 0.0003535090363584459 0
1752033599671 0.0003033146494999528 0
1752033612846 0.0011079235700890422 0
1752033628287 0.00031884171767160296 0
1752033643764 0.0003483821637928486 0
1752033659273 0.0 0
1752033674730 0.0 0
1752033690371 0.0 0
1752033705955 0.0 0
1752033714827 0.0017649667570367455 0
1752033730311 0.0 0
1752033745953 0.00035448555718176067 0
1752033761418 0.0 0
1752033776792 0.00033720070496201515 0
1752033792122 0.0 0
1752033807545 0.0003303161065559834 0
1752033823205 0.0 0
1752033838631 0.00033466171589680016 0
1752033854019 0.00035526679130271077 0
1752033869811 0.00034965170198120177 0
1752033885425 0.0 0
1752033900817 0.00031054107239469886 0
1752033916434 0.0003589776752050966 0
1752033932084 0.0 0
1752033947567 0.0 0
1752033961693 0.0010559243382886052 0
1752033977276 0.0003044376790057868 0
1752033987680 0.0014656221028417349 0
1752034003144 0.0 0
1752034018564 0.0003005803155247122 0
1752034034010 0.00036185848875902593 0
1752034049407 0.00036073545925319195 0
1752034064912 0.0 0
1752034080353 0.0003125429793726653 0
1752034095633 0.00035985655267722905 0
1752034111040 0.00034657554351724684 0
1752034126401 0.00030194749706424773 0
1752034141866 0.0003265563864260912 0
1752034157270 0.00032621462014503777 0
1752034172861 0.0003553644346538931 0
1752034188421 0.0003570245753508061 0
1752034204101 0.0 0
1752034218423 0.0010218360694125295 0
1752034233908 0.0 0
1752034249406 0.0 0
1752034264854 0.00036176081630401313 0
1752034280348 0.0003211365838069469 0
1752034295773 0.0002980413264594972 0
1752034311202 0.0003332457272335887 0
1752034326606 0.00031381251756101847 0
1752034342036 0.0003449642681516707 0
1752034356652 0.0009738854714669287 0
1752034372085 0.0003485775087028742 0
1752034387549 0.00031932996353134513 0
1752034403019 0.0003415463725104928 0
1752034418649 0.0 0
1752034434283 0.0 0
1752034449864 0.00031278710230253637 0
1752034465386 0.00031591206789016724 0
1752034480766 0.00035619453410618007 0
1752034496307 0.00029310976970009506 0
1752034511750 0.00029574643122032285 0
1752034527237 0.0 0
1752034542617 0.0 0
1752034558037 0.0003287536383140832 0
1752034573369 0.00035292305983603 0
1752034588855 0.0 0
1752034604389 0.0 0
1752034619939 0.0 0
1752034635444 0.000354046089341864 0
1752034650825 0.0003337340021971613 0
1752034666354 0.0003068302175961435 0
1752034681853 0.0 0
1752034697275 0.0003469661751296371 0
1752034712919 0.0 0
1752034728374 0.0 0
1752034743781 0.00035453439340926707 0
1752034749715 0.002740159397944808 0
1752034765652 0.0003444759931880981 0
1752034781237 0.0 0
1752034796706 0.0 0
1752034812212 0.0 0
1752034827955 0.00033837257069535553 0
1752034843417 0.0003569757391232997 0
1752034859023 0.0003075626154895872 0
1752034874496 0.00030883209547027946 0
1752034883959 0.0016283850418403745 0
1752034899413 0.0003198182675987482 0
1752034910913 0.001297644921578467 0
1752034926340 0.0003418393025640398 0
1752034938885 0.0011588820489123464 0
1752034954357 0.00032323613413609564 0
1752034969806 0.0 0
1752034985338 0.0 0
1752035000809 0.00033656597952358425 0
1752035016349 0.0 0
1752035031874 0.0 0
1752035047218 0.0003370054473634809 0
1752035062706 0.0 0
1752035078279 0.00030868564499542117 0
1752035093875 0.00035321604809723794 0
1752035109401 0.0003605401434469968 0
1752035124904 0.00030072679510340095 0
1752035140351 0.00035380199551582336 0
1752035155959 0.00035165357985533774 0
1752035171480 0.00035082350950688124 0
1752035186962 0.0003473568067420274 0
1752035202544 0.0 0
1752035218005 0.00034721032716333866 0
1752035233352 0.0003534113639034331 0
1752035248905 0.0003239197249058634 0
1752035264288 0.0003479915321804583 0
1752035279736 0.0 0
1752035295190 0.0 0
1752035310734 0.00034930987749248743 0
1752035326074 0.0003114199498668313 0
1752035341458 0.00031327540636993945 0
1752035356840 0.0003604913072194904 0
1752035372508 0.0 0
1752035377049 0.0037545557133853436 0
1752035392550 0.0003064884222112596 0
1752035405484 0.0011518944520503283 0
1752035421074 0.0 0
1752035436420 0.00033046258613467216 0
1752035444577 0.001929170568473637 0
1752035460085 0.0002935980446636677 0
1752035475466 0.00031249417224898934 0
1752035490996 0.0 0
1752035506530 0.00035228836350142956 0
1752035522017 0.0 0
1752035537470 0.00032763060880824924 0
1752035553111 0.00034428067738190293 0
1752035568550 0.0003413510276004672 0
1752035584007 0.00029686946072615683 0
1752035599446 0.0003490168892312795 0
1752035615051 0.0003175721794832498 0
1752035630660 0.0 0
1752035644312 0.0010981105733662844 0
1752035651576 0.002178418217226863 0
1752035667150 0.0 0
1752035682770 0.0 0
1752035698195 0.0003329527680762112 0
1752035713678 0.0 0
1752035729276 0.00034330415655858815 0
1752035744896 0.0003110293473582715 0
1752035760257 0.00036112606176175177 0
1752035775679 0.00033104850444942713 0
1752035791109 0.00031220121309161186 0
1752035806565 0.00033558945870026946 0
1752035822077 0.00030936923576518893 0
1752035837568 0.00036234676372259855 0
1752035853100 0.0 0
1752035868648 0.0003626396937761456 0
1752035884170 0.0003601983771659434 0
1752035899716 0.00032099010422825813 0
1752035910273 0.0014519168762490153 0
1752035925718 0.0003454037068877369 0
1752035941228 0.00035839175689034164 0
1752035956596 0.0003359800612088293 0
1752035972261 0.0 0
1752035987673 0.0003332945634610951 0
1752036003061 0.0 0
1752036018485 0.0 0
1752036033969 0.0003211365838069469 0
1752036049479 0.00035370432306081057 0
1752036064911 0.0 0
1752036080359 0.00032836300670169294 0
1752036088429 0.001960745081305504 0
1752036103963 0.0 0
1752036119561 0.00031010163365863264 0
1752036135162 0.00034989582491107285 0
1752036150676 0.00035448555718176067 0
1752036166075 0.00035599921829998493 0
1752036181567 0.00034550135023891926 0
1752036196873 0.00034721032716333866 0
1752036212377 0.00030746497213840485 0
1752036227883 0.0 0
1752036243347 0.0 0
1752036258912 0.0003575617156457156 0
1752036274461 0.0003605401434469968 0
1752036290014 0.0003263610997237265 0
1752036298634 0.0018379284301772714 0
1752036314062 0.0003589776752050966 0
1752036329652 0.0003550715046003461 0
1752036345334 0.0 0
1752036360889 0.00033607767545618117 0
1752036376537 0.0 0
1752036392061 0.00035180008853785694 0
1752036407624 0.0003464290639385581 0
1752036423209 0.00035736637073569 0
1752036438723 0.0003529718960635364 0
1752036454303 0.0 0
1752036469749 0.00033192738192155957 0
1752036485225 0.0 0
1752036500767 0.0003037052520085126 0
1752036516367 0.0003570734115783125 0
1752036531858 0.0 0
1752036547314 0.0003602471842896193 0
1752036556312 0.001715337042696774 0
1752036571981 0.0003345640725456178 0
1752036587619 0.0003519465390127152 0
1752036603272 0.0003398862318135798 0
1752036618881 0.0003426205657888204 0
1752036627222 0.0018838198157027364 0
1752036642936 0.00035487618879415095 0
1752036658339 0.00036073545925319195 0
1752036673679 0.00034828452044166625 0
1752036689121 0.0003327574522700161 0
1752036704671 0.0 0
1752036715542 0.0014012763276696205 0
1752036730927 0.00029682062449865043 0
1752036746473 0.0003016545088030398 0
1752036761687 0.0006049631629139185 0
1752036772652 0.0013999941293150187 0
1752036788213 0.0 0
1752036803874 0.0003570734115783125 0
1752036819533 0.00034657554351724684 0
1752036835281 0.0 0
1752036850981 0.0003402280271984637 0
1752036866476 0.0 0
1752036870760 0.00390666164457798 0
1752036886204 0.0003244568360969424 0
1752036901817 0.0003022404562216252 0
1752036917337 0.0003437924024183303 0
1752036932824 0.00035219069104641676 0
1752036948322 0.00034364592283964157 0
1752036963719 0.0003430111682973802 0
1752036979237 0.00035878235939890146 0
1752036994594 0.00032626345637254417 0
1752037010032 0.0003578546456992626 0
1752037025526 0.00034974931622855365 0
1752037041119 0.00031010163365863264 0
1752037056679 0.0 0
1752037072126 0.0 0
1752037087648 0.0 0
1752037103117 0.0003387632023077458 0
1752037118432 0.00036234676372259855 0
1752037133790 0.0003479915321804583 0
1752037149119 0.00029682062449865043 0
1752037164793 0.00035555975046008825 0
1752037180421 0.00035331372055225074 0
1752037195853 0.0003409604250919074 0
1752037211248 0.0003305113932583481 0
1752037226768 0.000338909710990265 0
1752037242316 0.0 0
1752037257708 0.0003518977027852088 0
1752037273149 0.00033505231840536 0
1752037288664 0.00032265024492517114 0
1752037304298 0.0 0
1752037319764 0.0 0
1752037335307 0.0 0
1752037350845 0.00031317773391492665 0
1752037366407 0.0003337340021971613 0
1752037381985 0.0003005803155247122 0
1752037394101 0.0012003877200186253 0
1752037409690 0.0 0
1752037425169 0.0 0
1752037440512 0.00032123425626195967 0
1752037455919 0.00035878235939890146 0
1752037471471 0.0003328062884975225 0
1752037487150 0.00034179052454419434 0
1752037493648 0.0024794870987534523 0
1752037509275 0.0003278259246144444 0
1752037524927 0.0003449642681516707 0
1752037540600 0.0 0
1752037556301 0.000299554958473891 0
1752037571904 0.00029535579960793257 0
1752037587496 0.0003351499908603728 0
1752037597389 0.001573706860654056 0
1752037612871 0.0 0
1752037628323 0.0 0
1752037643758 0.00034486662480048835 0
1752037659218 0.00032821649801917374 0
1752037674676 0.0 0
1752037690199 0.0003138613246846944 0
1752037696697 0.0025124577805399895 0
1752037712111 0.0009525761124677956 0
1752037727641 0.00034144870005548 0
1752037743273 0.0002936468517873436 0
1752037758883 0.00036122373421676457 0
1752037767942 0.001727706054225564 0
1752037783495 0.0 0
1752037799157 0.000329730159137398 0
1752037814750 0.0003491633979137987 0
1752037830143 0.00035931944148615 0
1752037845644 0.00030116623383946717 0
1752037861034 0.0003530207322910428 0
1752037876444 0.0003415463725104928 0
1752037891999 0.0003259216609876603 0
1752037907404 0.0 0
1752037922739 0.0003510188253130764 0
1752037938241 0.0003335386863909662 0
1752037953732 0.00033734721364453435 0
1752037969271 0.0 0
1752037984716 0.00035595038207247853 0
1752038000335 0.0 0
1752038015941 0.00034672205219976604 0
1752038031593 0.0 0
1752038047259 0.0 0
1752038058084 0.001385442796163261 0
1752038073579 0.0003334898501634598 0
1752038089139 0.0 0
1752038103869 0.000991110340692103 0
1752038119232 0.00035424140514805913 0
1752038134762 0.0003259216609876603 0
1752038150251 0.0 0
1752038165849 0.00033827495644800365 0
1752038181407 0.0003603936929721385 0
1752038196954 0.0003589288389775902 0
1752038212560 0.0003418393025640398 0
1752038228151 0.00031664446578361094 0
1752038243623 0.00035668277996592224 0
1752038259314 0.00031723041320219636 0
1752038274912 0.0003387143660802394 0
1752038290654 0.0003054630651604384 0
1752038306212 0.0003293883928563446 0
1752038314549 0.0018926240736618638 0
1752038318842 0.003974694758653641 0
1752038334311 0.000328607129631564 0
1752038349702 0.00032684937468729913 0
1752038365656 0.0003585870726965368 0
1752038381325 0.00033104850444942713 0
1752038391806 0.0014704839559271932 0
1752038407327 0.0003246521227993071 0
1752038414474 0.0022396158892661333 0
1752038429986 0.0003339781251270324 0
1752038445436 0.0003052189131267369 0
1752038461200 0.0 0
1752038476767 0.00036058895057067275 0
1752038492330 0.0003413510276004672 0
1752038507919 0.00035458322963677347 0
1752038523458 0.00032797237508930266 0
1752038539033 0.0003461361338850111 0
1752038554694 0.00032963251578621566 0
1752038570155 0.000305414228932932 0
1752038585555 0.000356487522367388 0
1752038601162 0.0003162538632750511 0
1752038616819 0.0 0
1752038632344 0.0 0
1752038642453 0.0014852818567305803 0
1752038657852 0.0003623955708462745 0
1752038668314 0.0014634303515776992 0
1752038683980 0.00032553102937527 0
1752038690269 0.001703033922240138 0
1752038705858 0.0003235779295209795 0
1752038721484 0.0003404233430046588 0
1752038737180 0.00035487618879415095 0
1752038752781 0.0 0
1752038768440 0.0003067813813686371 0
1752038784168 0.00035365548683330417 0
1752038799811 0.0003180604544468224 0
1752038812394 0.0011747682001441717 0
1752038827863 0.0003437435661908239 0
1752038843302 0.0003502863983158022 0
1752038858802 0.00035927060525864363 0
1752038873820 0.0009800797561183572 0
1752038889223 0.00034222996328026056 0
1752038904864 0.0 0
1752038920406 0.0 0
1752038935909 0.0 0
1752038951391 0.00035072589525952935 0
1752038967055 0.0 0
1752038982666 0.00035956359351985157 0
1752038998264 0.0 0
1752039013850 0.0003254821931477636 0
1752039029598 0.0 0
1752039045052 0.0003551203408278525 0
1752039060506 0.0 0
1752039076076 0.000358489400241524 0
1752039089706 0.0010903574293479323 0
1752039105350 0.0 0
1752039120818 0.00031205470440909266 0
1752039136343 0.00032333380659110844 0
1752039149735 0.0011143189622089267 0
1752039160353 0.00143719173502177 0
1752039175895 0.00030263105873018503 0
1752039189844 0.0010459637269377708 0
1752039205512 0.0 0
1752039210856 0.003089167410507798 0
1752039226442 0.0003473568067420274 0
1752039242175 0.0 0
1752039257788 0.0 0
1752039273415 0.0 0
1752039289111 0.0 0
1752039304574 0.0 0
1752039319989 3.024593075995341e-11 0
1752039335547 0.00034667321597225964 0
1752039351036 0.0 0
1752039366569 0.0009036466362886131 0
1752039382089 0.0003239685611333698 0
1752039394391 0.001200588420033455 0
1752039409908 0.00034056982258334756 0
1752039425511 0.0 0
1752039440982 0.00036180965253151953 0
1752039456614 0.0 0
1752039472087 0.0003399839042685926 0
1752039487690 0.00030126390629447997 0
1752039503331 0.00030746497213840485 0
1752039518927 0.0 0
1752039534377 0.00034232757752761245 0
1752039549726 0.0003409604250919074 0
1752039565272 0.0003196229226887226 0
1752039578870 0.001099058659747243 0
1752039594402 0.00035385083174332976 0
1752039609798 0.0 0
1752039625381 0.00033549178624525666 0
1752039640899 0.00035160474362783134 0
1752039656424 0.00030072679510340095 0
1752039672019 0.00030468180193565786 0
1752039687679 0.0 0
1752039702091 0.0010230496991425753 0
1752039717698 0.00034330415655858815 0
1752039732705 0.000990691827610135 0
1752039744978 0.0011976482346653938 0
1752039760549 0.00032382208155468106 0
1752039776092 0.00035492502502165735 0
1752039791535 0.0003435483085922897 0
1752039807069 0.00035429024137556553 0
1752039822614 0.0002951116766780615 0
1752039838163 0.0003068302175961435 0
1752039853655 0.0003577570023480803 0
1752039869252 0.0003628350386861712 0
1752039884988 0.0 0
1752039900566 0.00031005279743112624 0
1752039916201 0.00032055063638836145 0
1752039931796 0.00032650757930241525 0
1752039947328 0.00035590154584497213 0
1752039963100 0.0003061466268263757 0
1752039978863 0.00031371484510600567 0
1752039994395 0.0003339781251270324 0
1752040009937 0.0003340757975820452 0
1752040025501 0.0 0
1752040041105 0.0003551203408278525 0
1752040056784 0.0 0
1752040072327 0.00030585366766899824 0
1752040087851 0.0003023869066964835 0
1752040103364 0.0003345640725456178 0
1752040118827 0.00036073545925319195 0
1752040134498 0.0003501399187371135 0
1752040150176 0.0 0
1752040165911 0.0003585382364690304 0
1752040181586 0.00034056982258334756 0
1752040197286 0.0 0
1752040213006 0.0 0
1752040228732 0.00035053055034950376 0
1752040244328 0.00035336255677975714 0
1752040259895 0.0 0
1752040275601 0.0003441341978032142 0
1752040291129 0.000334466400090605 0
1752040306641 0.0003251892630942166 0
1752040319948 0.0011010613525286317 0
1752040335496 0.00034120454802177846 0
1752040351034 0.0003370054473634809 0
1752040366540 0.00034550135023891926 0
1752040382167 0.0003292907204013318 0
1752040397750 0.000343987689120695 0
1752040413372 0.0 0
1752040429097 0.0003440365253482014 0
1752040444604 0.0003576593298930675 0
1752040448971 0.002620803425088525 0
1752040464606 0.0002971135836560279 0
1752040471043 0.0025457539595663548 0
1752040486676 0.0 0
1752040498131 0.001326443045400083 0
1752040513722 0.00036063778679817915 0
1752040529292 0.000342571729561314 0
1752040544870 0.0003526789369061589 0
1752040560338 0.0003324644931126386 0
1752040575894 0.00035057938657701015 0
1752040591659 0.0 0
1752040607355 0.0003379819681867957 0
1752040622938 0.0 0
1752040638454 0.00032616578391753137 0
1752040654114 0.00035985655267722905 0
1752040669774 0.0003181092906743288 0
1752040685437 0.0003616631729528308 0
1752040701048 0.00035424140514805913 0
1752040716728 0.0 0
1752040732394 0.0003385678865015507 0
1752040747900 0.00035472968011163175 0
1752040763455 0.00035560858668759465 0
1752040779102 0.00036078429548069835 0
1752040787372 0.0019463000353425741 0
1752040802874 0.00035380199551582336 0
1752040818389 0.00035165357985533774 0
1752040831162 0.001185775501653552 0
1752040846674 0.0003247009590268135 0
1752040862144 0.00035077467327937484 0
1752040877736 0.0003444271569605917 0
1752040893249 0.0 0
1752040908892 0.0 0
1752040924644 0.0 0
1752040940240 0.0003580987686291337 0
1752040955958 0.0003616631729528308 0
1752040971488 0.0003399839042685926 0
1752040986988 0.0003605401434469968 0
1752041002567 0.0 0
1752041018087 0.0 0
1752041033746 0.0003184022498317063 0
1752041049308 0.00033256213646382093 0
1752041065015 0.00035223952727392316 0
1752041076595 0.0013401270844042301 0
1752041092239 0.0003294371999800205 0
1752041107899 0.0 0
1752041123570 0.0003270446613896638 0
1752041139211 0.00034979815245606005 0
1752041154914 0.0003364683361724019 0
1752041170692 0.0003174257290083915 0
1752041186303 0.0003215271863155067 0
1752041201878 0.0 0
1752041217440 0.0 0
1752041232890 0.0003614678862504661 0
1752041246672 0.0010563237592577934 0
1752041262295 0.0003626396937761456 0
1752041277782 0.00035927060525864363 0
1752041293178 0.00035472968011163175 0
1752041308866 0.0 0
1752041324589 0.0003226990520488471 0
1752041340207 0.00035521795507520437 0
1752041355937 0.0 0
1752041371585 0.0003215760225430131 0
1752041387369 0.00034486662480048835 0
1752041403112 0.00030663490178994834 0
1752041418774 0.0 0
1752041428372 0.0016019430477172136 0
1752041444029 0.0003351011546328664 0
1752041459679 0.0 0
1752041475336 0.0003051212406717241 0
1752041490948 0.00035990538890473545 0
1752041506497 0.0003403745067771524 0
1752041521961 0.00035717105492949486 0
1752041537482 0.000319671758916229 0
1752041553141 0.0003350034821778536 0
1752041568681 0.0003440853615757078 0
1752041582386 0.001073622377589345 0
1752041597932 0.00034271820914000273 0
1752041613668 0.0 0
1752041629314 0.0 0
1752041645008 0.0003080508904531598 0
1752041660735 0.0 0
1752041676458 0.0003624932433012873 0
1752041691979 0.0003625420795287937 0
1752041707557 0.00034271820914000273 0
1752041715358 0.0020372667349874973 0
1752041731043 0.0 0
1752041746644 0.0 0
1752041762221 0.00034550135023891926 0
1752041777946 0.0 0
1752041793728 0.0003094668791163713 0
1752041809430 0.0 0
1752041825096 0.00033339220681227744 0
1752041840773 0.0 0
1752041856593 0.00032650757930241525 0
1752041872182 0.0003575128794182092 0
1752041887882 0.0003491145616862923 0
1752041903639 0.00030795324710197747 0
1752041919262 0.0003550226683728397 0
1752041931261 0.0012600227491930127 0
1752041946880 0.0 0
1752041962510 0.00035580387338995934 0
1752041978940 0.00034364592283964157 0
1752041994626 0.0003305113932583481 0
1752042010165 0.00036107722553424537 0
1752042025787 0.0003340757975820452 0
1752042041433 0.0003478938597254455 0
1752042057068 0.00033969091600738466 0
1752042072753 0.00035560858668759465 0
1752042088548 0.00035433907760307193 0
1752042104273 0.0003072208201047033 0
1752042119908 0.00033339220681227744 0
1752042135626 0.0003220642975065857 0
1752042151291 0.00035590154584497213 0
1752042157590 0.002596034901216626 0
1752042173223 0.0 0
1752042188703 0.00032147837919183075 0
1752042204382 0.00035834292066283524 0
1752042220032 0.0003197694313712418 0
1752042235519 0.0003536067088134587 0
1752042251017 0.00030087330378592014 0
1752042257572 0.0016197761287912726 0
1752042273104 0.0002982854493893683 0
1752042288650 0.0 0
1752042304085 0.0 0
1752042319778 0.0 0
1752042335507 0.0 0
1752042351132 0.00035990538890473545 0
1752042366880 0.0 0
1752042382542 0.00031449607922695577 0
1752042398199 0.00030077563133090734 0
1752042408375 0.0015141923213377595 0
1752042423880 0.0002935492084361613 0
1752042439310 0.0003478450817056 0
1752042450226 0.0014134416123852134 0
1752042465801 0.000303754088236019 0
1752042478613 0.0011467116419225931 0
1752042494085 0.0 0
1752042509897 0.0 0
1752042525479 0.00031786513864062726 0
1752042541019 0.00034203461837023497 0
1752042556587 0.00034218112705275416 0
1752042566747 0.0010111709125339985 0
1752042582573 0.0 0
1752042598189 0.0 0
1752042613823 0.0003354429791215807 0
1752042629444 0.00034550135023891926 0
1752042644754 0.0009271712624467909 0
1752042660329 0.0 0
1752042675828 0.0 0
1752042691429 0.0 0
1752042707020 0.0 0
1752042722612 0.0 0
1752042738155 0.0 0
1752042753916 0.0 0
1752042769539 0.0 0
1752042785106 0.0 0
1752042791838 0.0023738909512758255 0
1752042807263 0.0003524348430801183 0
1752042822783 0.0003174257290083915 0
1752042838425 0.00031591206789016724 0
1752042854048 0.0003491145616862923 0
1752042869704 0.0 0
1752042885233 0.0003528742818161845 0
1752042900827 0.00034672205219976604 0
1752042916361 0.00034633142058737576 0
1752042931953 0.0 0
1752042944885 0.0011453769402578473 0
1752042960486 0.0003139101609122008 0
1752042976234 0.0003502375911921263 0
1752042986750 0.001487277913838625 0
1752043002304 0.00033182973857037723 0
1752043009541 0.002224570605903864 0
1752043024422 0.0009554178104735911 0
1752043034370 0.0015663935337215662 0
1752043049973 0.0 0
1752043065684 0.0003363218274898827 0
1752043081344 0.0 0
1752043096952 0.00035057938657701015 0
1752043105417 0.0018854278605431318 0
1752043121147 0.0 0
1752043132168 0.0013322985032573342 0
1752043147777 0.0 0
1752043163277 0.00033930031349882483 0
1752043178839 0.00034325532033108175 0
1752043194447 0.0 0
1752043209873 0.0003434994723647833 0
1752043225547 0.0 0
1752043241227 0.00032142954296432436 0
1752043256563 0.000954959075897932 0
1752043268774 0.0012374073266983032 0
1752043284517 0.0003285094862803817 0
1752043294048 0.0010769173968583345 0
1752043309629 0.0003619561030063778 0
1752043325277 0.0003404721792321652 0
1752043340918 0.0003444759931880981 0
1752043356504 0.0 0
1752043372052 0.0003418393025640398 0
1752043387642 0.0 0
1752043403225 0.000341985811246559 0
1752043418808 0.00032811888377182186 0
1752043430067 0.0013619690435007215 0
1752043445619 0.0 0
1752043461154 0.0 0
1752043476883 0.00033436878584325314 0
1752043492443 0.0003307067381683737 0
1752043503299 0.001429041032679379 0
1752043518703 0.00036058895057067275 0
1752043534256 0.0003374936932232231 0
1752043549979 0.0 0
1752043565527 0.0 0
1752043581196 0.0003602471842896193 0
1752043596869 0.00035448555718176067 0
1752043612500 0.0 0
1752043627920 0.00034594081807881594 0
1752043639143 0.0013333236565813422 0
1752043654818 0.00031991591094993055 0
1752043664261 0.0016446624649688601 0
1752043679759 0.00029813896981067955 0
1752043695234 0.0003453548706602305 0
1752043702400 0.002242345130071044 0
1752043718084 0.0 0
1752043733582 0.00036224909126758575 0
1752043747800 0.0010299017885699868 0
1752043763441 0.0 0
1752043779172 0.00030892976792529225 0
1752043794867 0.00034550135023891926 0
1752043810598 0.0 0
1752043826361 0.0 0
1752043842207 0.0 0
1752043857884 0.0 0
1752043873519 0.0 0
1752043887980 0.0010227903258055449 0
1752043903611 0.00032455447944812477 0
1752043919075 0.00030473063816316426 0
1752043934580 0.00035336255677975714 0
1752043950229 0.00033832379267551005 0
1752043965806 0.0 0
1752043981409 0.0 0
1752043995618 0.001042911084368825 0
1752044009857 0.0010643431451171637 0
1752044025447 0.0003525812935549766 0
1752044041195 0.0003041447198484093 0
1752044056908 0.00034550135023891926 0
1752044072610 0.0 0
1752044088308 0.0 0
1752044103940 0.0 0
1752044115406 0.001322263153269887 0
1752044125546 0.0010348218493163586 0
1752044141683 0.0003266052226535976 0
1752044157310 0.0003530695685185492 0
1752044173456 0.0 0
1752044188148 0.001023377408273518 0
1752044204367 0.00034965170198120177 0
1752044220341 0.0003246521227993071 0
1752044236491 0.0003489680530037731 0
1752044252437 0.0 0
1752044268246 0.00035663394373841584 0
1752044283834 0.00029594171792268753 0
1752044299906 0.0 0
1752044315736 0.0003197694313712418 0
1752044331589 0.0 0
1752044341755 0.001549054984934628 0
1752044357826 0.0003040470473933965 0
1752044374204 0.0003523371706251055 0
1752044390090 0.00034164401586167514 0
1752044405928 0.0 0
1752044421950 0.0003605401434469968 0
1752044437085 0.0006371220224536955 0
1752044448655 0.0013782714959234 0
1752044464623 0.00034721032716333866 0
1752044472929 0.002003165427595377 0
1752044489120 0.0 0
1752044496362 0.001488358131609857 0
1752044504651 0.0019305456662550569 0
1752044516447 0.0013030130648985505 0
1752044532067 0.0003320738615002483 0
1752044547840 0.0003187440743204206 0
1752044563568 0.0003335386863909662 0
1752044579110 0.0003321226977277547 0
1752044594826 0.00031010163365863264 0
1752044610414 0.0 0
1752044625994 0.00035331372055225074 0
1752044641663 0.0 0
1752044657289 0.00032304084743373096 0
1752044672825 0.00031058990862220526 0
1752044688402 0.0003594171139411628 0
1752044697981 0.0016675248043611646 0
1752044713652 0.00033705425448715687 0
1752044729439 0.00035712221870198846 0
1752044745102 0.0003425228933338076 0
1752044760855 0.0 0
1752044776568 0.0 0
1752044792261 0.00035985655267722905 0
1752044807903 0.0003329039318487048 0
1752044823522 0.0 0
1752044839206 0.0 0
1752044854908 0.00033563829492777586 0
1752044870600 0.00034970048000104725 0
1752044886258 0.00030497476109303534 0
1752044901991 0.0003484798362478614 0
1752044917899 0.00032255257247015834 0
1752044933660 0.00032323613413609564 0
1752044949303 0.00036078429548069835 0
1752044965220 0.0 0
1752044981009 0.00035599921829998493 0
1752044996858 0.00035839175689034164 0
1752045012706 0.0003525325155351311 0
1752045028376 0.00033832379267551005 0
1752045043986 0.00035448555718176067 0
1752045059693 0.0003560480254236609 0
1752045075473 0.0003103457565885037 0
1752045090570 0.00098338071256876 0
1752045106283 0.0 0
1752045117409 0.0013678312534466386 0
1752045132930 0.00034266937291249633 0
1752045142105 0.0017262465553358197 0
1752045157795 0.0003434994723647833 0
1752045173529 0.00033656597952358425 0
1752045189187 0.0003440365253482014 0
1752045204810 0.00034633142058737576 0
1752045220721 0.00031400780426338315 0
1752045233959 0.0007282096776179969 0
1752045249810 0.0 0
1752045265590 0.00031332424259744585 0
1752045281502 0.0003527766093611717 0
1752045297100 0.0003054630651604384 0
1752045312767 0.0 0
1752045328468 0.0 0
1752045344334 0.0 0
1752045360242 0.0 0
1752045375975 0.00035458322963677347 0
1752045391829 0.0002962835133075714 0
1752045407511 0.0003385678865015507 0
1752045423197 0.00033715192694216967 0
1752045438875 0.0 0
1752045454601 0.0003317320952191949 0
1752045470355 0.0003437435661908239 0
1752045486230 0.00032382208155468106 0
1752045502155 0.00034569669514894485 0
1752045516073 0.0011033014161512256 0
1752045531752 0.0 0
1752045547357 0.00034555018646642566 0
1752045563577 0.0003080997266806662 0
1752045579672 0.0003234314499422908 0
1752045595450 0.0003465267363935709 0
1752045611277 0.00035463206586427987 0
1752045626531 0.0009475467377342284 0
1752045642522 0.00031425192719325423 0
1752045658393 0.0003025822516065091 0
1752045674269 0.000312396528897807 0
1752045690032 0.0003500423044897616 0
1752045706086 0.00031405664049088955 0
1752045722000 0.0003464290639385581 0
1752045737931 0.0003592217981349677 0
1752045753581 0.0 0
1752045769245 0.00035468090209178627 0
1752045784962 0.0003603936929721385 0
1752045800553 0.00034120454802177846 0
1752045816407 0.0 0
1752045832120 0.0003099063178524375 0
1752045847837 0.0003187440743204206 0
1752045863727 0.0 0
1752045879705 0.0 0
1752045895437 0.0 0
1752045911184 0.0 0
1752045926931 0.0 0
1752045942853 0.0 0
1752045958748 0.0003379819681867957 0
1752045974692 0.0 0
1752045990434 0.0003594659501686692 0
1752046000691 0.0015560636529698968 0
1752046016355 0.0003601983771659434 0
1752046032116 0.00029726006323471665 0
1752046047744 0.0003474056429695338 0
1752046063358 0.00034828452044166625 0
1752046079145 0.0 0
1752046094920 0.00029975027428008616 0
1752046110838 0.0003628350386861712 0
1752046126690 0.0003478938597254455 0
1752046142551 0.0 0
1752046158366 0.00035087234573438764 0
1752046174483 0.0 0
1752046190307 0.0003363218274898827 0
1752046206145 0.0 0
1752046222002 0.0 0
1752046230700 0.0018258142517879605 0
1752046246332 0.00030775790219195187 0
1752046261888 0.0003465267363935709 0
1752046277508 0.000311859417706728 0
1752046293194 0.0003158144245389849 0
1752046308870 0.00032382208155468106 0
1752046320183 0.0013539398787543178 0
1752046335952 0.00035873352317139506 0
1752046342706 0.0024127881042659283 0
1752046358651 0.0 0
1752046374572 0.0 0
1752046390324 0.0 0
1752046406075 0.00035980771644972265 0
1752046421985 0.0 0
1752046437787 0.00032460331567563117 0
1752046453496 0.00034926104126498103 0
1752046469253 0.0003565363003872335 0
1752046484924 0.0003441830340307206 0
1752046500255 0.0006065082852728665 0
1752046515950 0.0003579522599466145 0
1752046531723 0.0003419369750190526 0
1752046547509 0.0 0
1752046563144 0.00035219069104641676 0
1752046575480 0.0011888643493875861 0
1752046591370 0.0 0
1752046607343 0.0 0
1752046623068 0.0003570734115783125 0
1752046638789 0.0 0
1752046654512 0.00032255257247015834 0
1752046670362 0.0003550715046003461 0
1752046686260 0.00035717105492949486 0
1752046702034 0.000318548729410395 0
1752046717826 0.00033847024315036833 0
1752049011739 0.00033656597952358425 0
1752049035291 0.0003334898501634598 0
1752049047634 0.001957246335223317 0
1752049074349 0.0003061466268263757 0
1752049107161 0.0003398862318135798 0
1752049151485 0.00029310976970009506 0
1752049190724 0.000324407999869436 0
1752049234419 0.0 0
1752049279522 0.00031508199754171073 0
1752049317139 0.0003429623320698738 0
1752049353570 0.0 0
1752049397956 0.0003528742818161845 0
1752049434859 0.00032020887010730803 0
1752049467844 0.00030204514041543007 0
1752049503759 0.00033202505437657237 0
1752049539354 0.00034633142058737576 0
1752049582997 0.0 0
1752049623781 0.00035331372055225074 0
1752049664689 0.0002994084788952023 0
1752049704171 0.0 0
1752049738929 0.0003600518684834242 0
1752049775767 0.0 0
1752049811849 0.00032924191327765584 0
1752053185715 0.000360442470991984 0
1752053213423 0.000340325670549646 0
1752053239296 0.0 0
1752053267231 0.0 0
1752053303872 0.00034208345459774137 0
1752053340500 0.0003525325155351311 0
1752053362024 0.002051731338724494 0
1752053403463 0.0 0
1752053458808 0.000352630129782483 0
1752053486426 0.001950153848156333 0
1752053545638 0.0003577570023480803 0
1752053610732 0.00031058990862220526 0
1752053642374 0.002125919098034501 0
1752053709958 0.00035717105492949486 0
1752053774957 0.0 0
1752053838060 0.0 0
1752053897874 0.00030350996530614793 0
1752053952058 0.00032606811146251857 0
1752054011668 0.00030355880153365433 0
1752054056794 0.0003569757391232997 0
1752054096293 0.0010035582818090916 0
1752054138803 0.00032797237508930266 0
1752054157253 0.0014691246906295419 0
1752054199104 0.0003616143367253244 0
1752054239886 0.0003069766971748322 0
1752054283340 0.00035580387338995934 0
1752054324741 0.0 0
1752055258921 0.0003580010961741209 0
1752058444385 0.00034120454802177846 0
1752058465816 0.00030194749706424773 0
1752058486587 0.00034633142058737576 0
1752058508615 0.00033681010245345533 0
1752058528548 0.00031923229107633233 0
1752058547773 0.00034867512295022607 0
1752058572337 0.0003444271569605917 0
1752058594675 0.0003460384614299983 0
1752058615461 0.00032421271316707134 0
1752058636775 0.0 0
1752058659231 0.0003239685611333698 0
1752058679124 0.0003051700768992305 0
1752058698762 0.00036127257044427097 0
1752058721018 0.0003527277731336653 0
1752058740294 0.0 0
1752058760035 0.00030311933369375765 0
1752058779065 0.0003281676908954978 0
1752058796955 0.000354046089341864 0
1752058816383 0.0 0
1752058834523 0.0003117129090242088 0
1752058853496 0.0003565851366147399 0
1752058866541 0.001598095870576799 0
1752058885340 0.00033934914972633123 0
1752058903160 0.0003199647180736065 0
1752058922148 0.00036058895057067275 0
1752058941274 0.0 0
1752058960693 0.00031376368133351207 0
1752058979605 0.0003437924024183303 0
1752058998314 0.00032333380659110844 0
1752059016508 0.000358489400241524 0
1752059035445 0.0003568780666682869 0
1752059054093 0.00032406620448455215 0
1752059072335 0.0 0
1752059090777 0.0 0
