1752013349939 0.0 0
1752013382553 0.4676666666666667 0
1752013423920 0.4526 0
1752013458269 0.818 0
1752013473876 0.4282666666666667 0
1752013489509 0.46426666666666666 0
1752013504959 0.0 0
1752013520493 0.4716 0
1752013524323 1.4385333333333332 0
1752013539789 0.48646666666666666 0
1752013555154 0.46726666666666666 0
1752013570508 0.0 0
1752013585799 0.0 0
1752013600999 0.0 0
1752013616210 0.46573333333333333 0
1752013631325 0.45253333333333334 0
1752013646509 0.0 0
1752013661648 0.0 0
1752013676856 0.0 0
1752013691989 0.493 0
1752013707410 0.0 0
1752013722758 0.44926666666666665 0
1752013736854 1.236 0
1752013752441 0.0 0
1752013768166 0.47486666666666666 0
1752013783691 0.0 0
1752013799224 0.4886 0
1752013814801 0.0 0
1752013828321 1.2978 0
1752013843719 0.0 0
1752013858664 0.4881333333333333 0
1752013873974 0.421 0
1752013889189 0.4769333333333333 0
1752013904499 0.0 0
1752013919814 0.41559999999999997 0
1752013935008 0.4839333333333333 0
1752013950328 0.4602 0
1752013965829 0.49146666666666666 0
1752013981304 0.4596 0
1752013996796 0.0 0
1752014012471 0.45086666666666664 0
1752014027992 0.4513333333333333 0
1752014043561 0.0 0
1752014059141 0.43906666666666666 0
1752014074712 0.47733333333333333 0
1752014090153 0.46273333333333333 0
1752014101522 1.3336666666666668 0
1752014116687 0.4906 0
1752014128888 1.3211333333333333 0
1752014144374 0.4696 0
1752014159527 0.0 0
1752014174695 0.0 0
1752014189925 0.42333333333333334 0
1752014205224 0.0 0
1752014220545 0.43766666666666665 0
1752014231759 1.3304 0
1752014247105 0.4842 0
1752014262371 0.47633333333333333 0
1752014277962 0.4608 0
1752014293588 0.4506 0
1752014298423 1.4296666666666666 0
1752014310644 0.8429333333333333 0
1752014324292 1.2674666666666667 0
1752014339461 0.4427333333333333 0
1752014354468 0.0 0
1752014370270 0.46713333333333334 0
1752014387015 0.4832666666666667 0
1752014402895 0.47906666666666664 0
1752014418279 0.0 0
1752014427278 1.3614666666666666 0
1752014442701 0.0 0
1752014451422 1.3782666666666668 0
1752014466810 0.494 0
1752014482085 0.42506666666666665 0
1752014497531 0.4942666666666667 0
1752014512939 0.49346666666666666 0
1752014522795 1.3502 0
1752014538037 0.0 0
1752014553410 0.0 0
1752014568664 0.0 0
1752014583924 0.43753333333333333 0
1752014599087 0.48006666666666664 0
1752014614417 0.4785333333333333 0
1752014629682 0.0 0
1752014644904 0.0 0
1752014660123 0.47333333333333333 0
1752014675475 0.4824 0
1752014690822 0.43046666666666666 0
1752014706034 0.4912 0
1752014721204 0.47673333333333334 0
1752014736459 0.0 0
1752014751784 0.45413333333333333 0
1752014760962 1.3475333333333332 0
1752014776340 0.0 0
1752014791492 0.0 0
1752014806763 0.44653333333333334 0
1752014822034 0.44179999999999997 0
1752014837240 0.4912 0
1752014852551 0.4257333333333333 0
1752014867797 0.4839333333333333 0
1752014882934 0.4696666666666667 0
1752014898173 0.0 0
1752014913661 0.0 0
1752014928922 0.0 0
1752014944269 0.4852666666666667 0
1752014959752 0.0 0
1752014975236 0.46153333333333335 0
1752014988108 1.3168666666666666 0
1752015002572 1.2343333333333333 0
1752015017950 0.4479333333333333 0
1752015033208 0.0 0
1752015048511 0.0 0
1752015063763 0.4573333333333333 0
1752015078938 0.48506666666666665 0
1752015087701 1.3601999999999999 0
1752015102936 0.4738 0
1752015118184 0.4560666666666667 0
1752015133431 0.43906666666666666 0
1752015148606 0.4286 0
1752015163368 1.2318666666666667 0
1752015169694 0.9181333333333334 0
1752015184957 0.44293333333333335 0
1752015200242 0.49319999999999997 0
1752015215610 0.44079999999999997 0
1752015231008 0.47713333333333335 0
1752015246290 0.49193333333333333 0
1752015261655 0.42046666666666666 0
1752015277034 0.4875333333333333 0
1752015292357 0.0 0
1752015300730 1.3633333333333333 0
1752015315977 0.0 0
1752015331207 0.4690666666666667 0
1752015344419 1.3122 0
1752015359698 0.0 0
1752015374960 0.0 0
1752015390262 0.48773333333333335 0
1752015405607 0.0 0
1752015420898 0.4281333333333333 0
1752015436128 0.4825333333333333 0
1752015451562 0.0 0
1752015466840 0.4533333333333333 0
1752015482361 0.0 0
1752015497832 0.45666666666666667 0
1752015504788 1.4016 0
1752015520090 0.42273333333333335 0
1752015535376 0.48146666666666665 0
1752015550669 0.44 0
1752015564867 1.2935333333333334 0
1752015580211 0.0 0
1752015595450 0.0 0
1752015610674 0.0 0
1752015622722 1.3006 0
1752015638102 0.0 0
1752015653489 0.47846666666666665 0
1752015668857 0.4826666666666667 0
1752015684283 0.0 0
1752015699649 0.46273333333333333 0
1752015715032 0.47346666666666665 0
1752015724482 1.3423333333333334 0
1752015739867 0.4606 0
1752015755233 0.0 0
1752015760781 1.404 0
1752015775993 0.4342666666666667 0
1752015791297 0.0 0
1752015806586 0.0 0
1752015821977 0.0 0
1752015837270 0.0 0
1752015852513 0.481 0
1752015867867 0.46799999999999997 0
1752015883279 0.45966666666666667 0
1752015898647 0.4885333333333333 0
1752015913987 0.0 0
1752015929462 0.4276 0
1752015944866 0.0 0
1752015960192 0.49066666666666664 0
1752015975548 0.0 0
1752015990836 0.4241333333333333 0
1752016006103 0.47546666666666665 0
1752016021303 0.0 0
1752016036455 0.49373333333333336 0
1752016051805 0.40946666666666665 0
1752016067102 0.46973333333333334 0
1752016075685 1.3476666666666666 0
1752016090930 0.43346666666666667 0
1752016106279 0.0 0
1752016113275 1.3991333333333333 0
1752016128711 0.0 0
1752016144110 0.0 0
1752016159473 0.4824 0
1752016175037 0.45786666666666664 0
1752016190466 0.0 0
1752016205746 0.4212 0
1752016221088 0.4944 0
1752016236392 0.41486666666666666 0
1752016251678 0.4646666666666667 0
1752016266899 0.4918 0
1752016282219 0.0 0
1752016297626 0.0 0
1752016312902 0.4772 0
1752016328208 0.0 0
1752016343607 0.0 0
1752016359039 0.4646666666666667 0
1752016374349 0.4891333333333333 0
1752016389688 0.44753333333333334 0
1752016405088 0.4622 0
1752016420454 0.49166666666666664 0
1752016436012 0.45653333333333335 0
1752016451405 0.45566666666666666 0
1752016466792 0.4829333333333333 0
1752016482025 0.4828 0
1752016497212 0.0 0
1752016512442 0.0 0
1752016527721 0.0 0
1752016542986 0.4878 0
1752016558316 0.455 0
1752016573718 0.4849333333333333 0
1752016588975 0.48546666666666666 0
1752016604251 0.48313333333333336 0
1752016619630 0.49366666666666664 0
1752016634935 0.0 0
1752016643282 1.3674666666666666 0
1752016658696 0.48746666666666666 0
1752016671386 0.8351999999999999 0
1752016686707 0.0 0
1752016695118 1.3572666666666666 0
1752016710471 0.4729333333333333 0
1752016725961 0.4754 0
1752016741300 0.45286666666666664 0
1752016757094 0.0 0
1752016773023 0.0 0
1752016788444 0.4872666666666667 0
1752016803963 0.47613333333333335 0
1752016819235 0.4016 0
1752016834648 0.0 0
1752016850013 0.4548 0
1752016865462 0.40373333333333333 0
1752016872469 1.4026 0
1752016887852 0.4806 0
1752016903310 0.4251333333333333 0
1752016918729 0.4904 0
1752016934160 0.0 0
1752016949561 0.45366666666666666 0
1752016964932 0.4205333333333333 0
1752016980200 0.0 0
1752016995477 0.4046666666666667 0
1752017010791 0.489 0
1752017026065 0.48933333333333334 0
1752017039514 1.2566 0
1752017054830 0.4378666666666667 0
1752017070096 0.49273333333333336 0
1752017085400 0.4219333333333333 0
1752017090180 1.4281333333333333 0
1752017105514 0.4098 0
1752017120819 0.4404666666666667 0
1752017136284 0.4728 0
1752017151657 0.41026666666666667 0
1752017167131 0.4338666666666667 0
1752017182420 0.46099999999999997 0
1752017197627 0.487 0
1752017212881 0.0 0
1752017228164 0.4119333333333333 0
1752017243450 0.4845333333333333 0
1752017258826 0.44853333333333334 0
1752017274051 0.47626666666666667 0
1752017281002 1.3812666666666666 0
1752017296208 0.4308 0
1752017311657 0.4841333333333333 0
1752017327139 0.0 0
1752017342513 0.4702 0
1752017357896 0.4838 0
1752017373528 0.4692 0
1752017388967 0.45206666666666667 0
1752017400172 1.3157333333333332 0
1752017415652 0.46713333333333334 0
1752017431059 0.49033333333333334 0
1752017446440 0.0 0
1752017461835 0.4038 0
1752017477243 0.4938666666666667 0
1752017492468 0.4103333333333333 0
1752017507839 0.0 0
1752017523144 0.0 0
1752017538419 0.4179333333333333 0
1752017553908 0.0 0
1752017569407 0.45013333333333333 0
1752017584778 0.47686666666666666 0
1752017600110 0.0 0
1752017615337 0.4921333333333333 0
1752017626924 1.3262666666666667 0
1752017641603 1.2875333333333334 0
1752017657098 0.4895333333333333 0
1752017672495 0.42346666666666666 0
1752017687927 0.43993333333333334 0
1752017703145 0.40146666666666664 0
1752017718422 0.4267333333333333 0
1752017733875 0.0 0
1752017749170 0.47773333333333334 0
1752017764376 0.45113333333333333 0
1752017779620 0.4683333333333333 0
1752017794994 0.48273333333333335 0
1752017810345 0.4678 0
1752017825636 0.4489333333333333 0
1752017841017 0.4524 0
1752017856450 0.0 0
1752017871851 0.4022 0
1752017887252 0.49006666666666665 0
1752017902634 0.4851333333333333 0
1752017918076 0.0 0
1752017933475 0.4327333333333333 0
1752017948701 0.46853333333333336 0
1752017964032 0.43946666666666667 0
1752017979384 0.49306666666666665 0
1752017988083 1.3736666666666668 0
1752018003457 0.4922 0
1752018013205 1.3357999999999999 0
1752018028601 0.41233333333333333 0
1752018043936 0.0 0
1752018059351 0.42993333333333333 0
1752018074761 0.42466666666666664 0
1752018090196 0.4756666666666667 0
1752018105650 0.4262 0
1752018121067 0.4532 0
1752018128834 1.3840666666666666 0
1752018144239 0.41659999999999997 0
1752018159456 0.4812666666666667 0
1752018174770 0.0 0
1752018189970 0.47973333333333334 0
1752018205250 0.40826666666666667 0
1752018213567 1.3598 0
1752018228992 0.4728 0
1752018244241 0.4692 0
1752018257919 0.8211999999999999 0
1752018273239 0.47113333333333335 0
1752018288575 0.4136666666666667 0
1752018303825 0.4944 0
1752018319123 0.48006666666666664 0
1752018334596 0.0 0
1752018346487 1.3362 0
1752018361758 0.4918 0
1752018377084 0.0 0
1752018392447 0.4547333333333333 0
1752018407821 0.4042 0
1752018423156 0.4828 0
1752018438454 0.4523333333333333 0
1752018453824 0.4241333333333333 0
1752018469163 0.0 0
1752018484489 0.4694 0
1752018499833 0.0 0
1752018515235 0.43166666666666664 0
1752018530760 0.48586666666666667 0
1752018546086 0.0 0
1752018561505 0.4752 0
1752018572446 1.3473333333333333 0
1752018587960 0.0 0
1752018603495 0.4746 0
1752018618901 0.4872 0
1752018634187 0.47473333333333334 0
1752018649409 0.43766666666666665 0
1752018664777 0.4254 0
1752018679989 0.0 0
1752018695147 0.4912666666666667 0
1752018710500 0.43106666666666665 0
1752018725835 0.4852 0
1752018738748 1.2978 0
1752018754147 0.42306666666666665 0
1752018769492 0.48373333333333335 0
1752018781398 0.8470666666666666 0
1752018796880 0.0 0
1752018812324 0.0 0
1752018822993 1.3373333333333333 0
1752018838462 0.4517333333333333 0
1752018853940 0.0 0
1752018869314 0.4148 0
1752018883230 1.2704666666666666 0
1752018898563 0.0 0
1752018904775 1.4016 0
1752018911334 1.3951333333333333 0
1752018926633 0.4811333333333333 0
1752018942051 0.41533333333333333 0
1752018957339 0.42586666666666667 0
1752018972581 0.4710666666666667 0
1752018987980 0.0 0
1752019003483 0.0 0
1752019018825 0.47733333333333333 0
1752019034251 0.4456 0
1752019049702 0.40286666666666665 0
1752019065165 0.48373333333333335 0
1752019080679 0.488 0
1752019096070 0.0 0
1752019111415 0.4916 0
1752019126758 0.4942666666666667 0
1752019142152 0.4604 0
1752019151298 1.3357999999999999 0
1752019166726 0.0 0
1752019182157 0.0 0
1752019197552 0.0 0
1752019212880 0.4882 0
1752019228251 0.4248 0
1752019243640 0.44526666666666664 0
1752019258983 0.40959999999999996 0
1752019274397 0.4547333333333333 0
1752019289941 0.4204 0
1752019305419 0.44026666666666664 0
1752019321016 0.4556 0
1752019336486 0.4754 0
1752019351882 0.45053333333333334 0
1752019367331 0.402 0
1752019382673 0.4700666666666667 0
1752019397964 0.48846666666666666 0
1752019408026 1.3318666666666665 0
1752019423466 0.4894 0
1752019438738 0.4886 0
1752019454015 0.48106666666666664 0
1752019469483 0.4527333333333333 0
1752019484883 0.4683333333333333 0
1752019500316 0.46973333333333334 0
1752019515709 0.49293333333333333 0
1752019525007 1.3541333333333334 0
1752019540531 0.4297333333333333 0
1752019555966 0.0 0
1752019571300 0.4936 0
1752019586700 0.46926666666666667 0
1752019602064 0.0 0
1752019617380 0.45426666666666665 0
1752019632739 0.4666 0
1752019648117 0.4498 0
1752019663504 0.4598 0
1752019678994 0.4110666666666667 0
1752019694405 0.44726666666666665 0
1752019709928 0.0 0
1752019722653 1.3131333333333333 0
1752019737891 0.46426666666666666 0
1752019747836 1.3634 0
1752019763300 0.0 0
1752019778938 0.44806666666666667 0
1752019794509 0.0 0
1752019810058 0.48373333333333335 0
1752019825397 0.0 0
1752019840715 0.43266666666666664 0
1752019855970 0.4159333333333333 0
1752019871256 0.4898666666666667 0
1752019886543 0.47813333333333335 0
1752019901941 0.45053333333333334 0
1752019917201 0.45686666666666664 0
1752019930517 1.2952666666666666 0
1752019945888 0.4244 0
1752019961442 0.0 0
1752019969705 1.3639999999999999 0
1752019978756 1.3514 0
1752019994134 0.47533333333333333 0
1752020009478 0.4884 0
1752020024916 0.0 0
1752020040315 0.46266666666666667 0
1752020055723 0.0 0
1752020071049 0.4786 0
1752020086503 0.0 0
1752020101727 0.47906666666666664 0
1752020117018 0.4898 0
1752020132324 0.48706666666666665 0
1752020147735 0.40186666666666665 0
1752020163073 0.4401333333333333 0
1752020178544 0.0 0
1752020193825 0.4422 0
1752020209049 0.0 0
1752020224530 0.442 0
1752020239984 0.477 0
1752020255410 0.4811333333333333 0
1752020270863 0.4698 0
1752020286422 0.0 0
1752020301818 0.0 0
1752020312526 1.3544666666666667 0
1752020325852 1.3187333333333333 0
1752020341199 0.4864 0
1752020356547 0.41573333333333334 0
1752020372492 0.41559999999999997 0
1752020387984 0.4025333333333333 0
1752020400737 1.2776 0
1752020416146 0.4872 0
1752020431738 0.40859999999999996 0
1752020440541 1.3748666666666667 0
1752020455859 0.49146666666666666 0
1752020471279 0.4424 0
1752020486737 0.45713333333333334 0
1752020502196 0.4367333333333333 0
1752020517694 0.0 0
1752020531904 1.2847333333333333 0
1752020543259 1.3132666666666666 0
1752020558717 0.4952666666666667 0
1752020574162 0.47626666666666667 0
1752020589461 0.47373333333333334 0
1752020604824 0.4078 0
1752020619853 1.2419333333333333 0
1752020635095 0.4538 0
1752020650321 0.47273333333333334 0
1752020665754 0.0 0
1752020681136 0.45713333333333334 0
1752020695591 0.8125333333333333 0
1752020708781 0.8304 0
1752020718425 1.3596 0
1752020733927 0.4251333333333333 0
1752020749441 0.44133333333333336 0
1752020764920 0.474 0
1752020780312 0.0 0
1752020795729 0.0 0
1752020810133 1.2530000000000001 0
1752020825429 0.0 0
1752020840657 0.4670666666666667 0
1752020855902 0.4100666666666667 0
1752020871276 0.0 0
1752020886098 1.2717333333333332 0
1752020901422 0.4882 0
1752020916813 0.47533333333333333 0
1752020932093 0.45006666666666667 0
1752020947546 0.4928 0
1752020962932 0.44806666666666667 0
1752020978425 0.46786666666666665 0
1752020993907 0.4881333333333333 0
1752021000319 1.4042 0
1752021010800 1.3481333333333334 0
1752021026259 0.49206666666666665 0
1752021037769 1.3431333333333333 0
1752021053099 0.0 0
1752021068465 0.4814 0
1752021083837 0.0 0
1752021099210 0.4844 0
1752021114606 0.0 0
1752021130081 0.4865333333333333 0
1752021145408 0.41573333333333334 0
1752021160786 0.40173333333333333 0
1752021176161 0.47633333333333333 0
1752021191579 0.4484 0
1752021201402 1.3184 0
1752021216812 0.48333333333333334 0
1752021232329 0.4946 0
1752021246706 1.3004 0
1752021262175 0.4619333333333333 0
1752021277774 0.48406666666666665 0
1752021293309 0.419 0
1752021303574 1.3354666666666666 0
1752021319052 0.0 0
1752021332217 1.3135333333333332 0
1752021347668 0.4437333333333333 0
1752021363027 0.0 0
1752021378332 0.4692 0
1752021393662 0.4534666666666667 0
1752021409060 0.0 0
1752021424413 0.46126666666666666 0
1752021439694 0.4519333333333333 0
1752021455181 0.41733333333333333 0
1752021470612 0.0 0
1752021485966 0.42 0
1752021501354 0.49033333333333334 0
1752021516735 0.492 0
1752021521739 1.4188 0
1752021533044 1.3174000000000001 0
1752021548382 0.0 0
1752021563690 0.46099999999999997 0
1752021579075 0.46486666666666665 0
1752021594418 0.4086666666666667 0
1752021609689 0.0 0
1752021621709 1.3078666666666665 0
1752021636998 0.48973333333333335 0
1752021652341 0.45726666666666665 0
1752021667630 0.45006666666666667 0
1752021682926 0.4569333333333333 0
1752021698441 0.0 0
1752021712675 1.2862 0
1752021728178 0.4845333333333333 0
1752021743553 0.4604 0
1752021756382 1.2948 0
1752021771645 0.4526 0
1752021786891 0.46813333333333335 0
1752021802181 0.4035333333333333 0
1752021817566 0.4852666666666667 0
1752021832847 0.4938 0
1752021848183 0.47526666666666667 0
1752021863608 0.4404666666666667 0
1752021879125 0.4826666666666667 0
1752021894542 0.4447333333333333 0
1752021909982 0.47126666666666667 0
1752021925332 0.4902 0
1752021940840 0.0 0
1752021956289 0.0 0
1752021971735 0.40526666666666666 0
1752021983034 1.3336000000000001 0
1752021998429 0.0 0
1752022013822 0.0 0
1752022029085 0.4836666666666667 0
1752022044385 0.0 0
1752022059762 0.4421333333333333 0
1752022070858 1.3468 0
1752022086351 0.0 0
1752022101722 0.42106666666666664 0
1752022117241 0.4766 0
1752022132605 0.4654 0
1752022148174 0.0 0
1752022163694 0.0 0
1752022179302 0.0 0
1752022194996 0.0 0
1752022210659 0.4766666666666667 0
1752022225169 1.2416666666666667 0
1752022240477 0.4344 0
1752022255882 0.4478 0
1752022265642 1.3546 0
1752022281001 0.40113333333333334 0
1752022296404 0.4139333333333333 0
1752022311797 0.0 0
1752022327207 0.4894 0
1752022342631 0.43793333333333334 0
1752022358146 0.41426666666666667 0
1752022373513 0.0 0
1752022387515 1.272 0
1752022402916 0.0 0
1752022418300 0.0 0
1752022433619 0.4922 0
1752022449044 0.47073333333333334 0
1752022464399 0.44293333333333335 0
1752022479757 0.4462 0
1752022495259 0.0 0
1752022510688 0.0 0
1752022526028 0.43179999999999996 0
1752022541236 0.47906666666666664 0
1752022556534 0.4704 0
1752022572147 0.42793333333333333 0
1752022587655 0.0 0
1752022603228 0.4885333333333333 0
1752022618617 0.42366666666666664 0
1752022634132 0.4444666666666667 0
1752022649471 0.4912 0
1752022664814 0.47946666666666665 0
1752022680266 0.4298666666666667 0
1752022695712 0.0 0
1752022711021 0.42146666666666666 0
1752022726441 0.0 0
1752022741862 0.0 0
1752022757151 0.4456 0
1752022772556 0.4466 0
1752022787924 0.4522 0
1752022803268 0.46486666666666665 0
1752022818618 0.44333333333333336 0
1752022834023 0.0 0
1752022849276 0.47153333333333336 0
1752022864632 0.4442 0
1752022879900 0.45966666666666667 0
1752022886684 1.4011333333333333 0
1752022901983 0.45253333333333334 0
1752022917316 0.487 0
1752022932828 0.0 0
1752022948283 0.487 0
1752022963646 0.4434 0
1752022978975 0.0 0
1752022986161 1.3984666666666667 0
1752023001634 0.45726666666666665 0
1752023017036 0.0 0
1752023028590 1.3141333333333334 0
1752023032762 1.4374 0
1752023048139 0.0 0
1752023063662 0.4348666666666667 0
1752023079119 0.4237333333333333 0
1752023094538 0.47433333333333333 0
1752023109927 0.0 0
1752023125296 0.4116666666666667 0
1752023140786 0.0 0
1752023156234 0.0 0
1752023171660 0.4700666666666667 0
1752023187099 0.0 0
1752023202573 0.4412 0
1752023216442 0.8205333333333333 0
1752023231740 0.0 0
1752023247111 0.4834 0
1752023262534 0.4315333333333333 0
1752023277758 0.4447333333333333 0
1752023293217 0.45553333333333335 0
1752023308593 0.0 0
1752023318406 1.3468 0
1752023333646 0.49066666666666664 0
1752023349015 0.41086666666666666 0
1752023364355 0.49273333333333336 0
1752023379971 0.4886 0
1752023395411 0.4312666666666667 0
1752023410914 0.0 0
1752023426272 0.4724 0
1752023441649 0.0 0
1752023456935 0.4942666666666667 0
1752023472302 0.0 0
1752023487679 0.0 0
1752023503019 0.4582 0
1752023518322 0.4906 0
1752023525348 1.3949333333333334 0
1752023540747 0.4122 0
1752023556123 0.47013333333333335 0
1752023571586 0.4336 0
1752023586999 0.0 0
1752023602546 0.4381333333333333 0
1752023617939 0.0 0
1752023633413 0.4039333333333333 0
1752023648931 0.48213333333333336 0
1752023664259 0.431 0
1752023672371 0.8950666666666667 0
1752023687778 0.46166666666666667 0
1752023693964 1.4130666666666665 0
1752023709224 0.4885333333333333 0
1752023724584 0.4382666666666667 0
1752023740059 0.4898666666666667 0
1752023755495 0.4918666666666667 0
1752023770992 0.49366666666666664 0
1752023786530 0.42186666666666667 0
1752023802038 0.4563333333333333 0
1752023817428 0.43046666666666666 0
1752023832925 0.0 0
1752023842426 1.3306666666666667 0
1752023857415 1.2688666666666666 0
1752023872794 0.43579999999999997 0
1752023888396 0.0 0
1752023895474 1.3943333333333334 0
1752023910872 0.4862666666666667 0
1752023926316 0.0 0
1752023933159 1.3859333333333335 0
1752023947096 1.2761333333333333 0
1752023962940 0.46886666666666665 0
1752023978649 0.48893333333333333 0
1752023994073 0.4921333333333333 0
1752024009400 0.4324 0
1752024024983 0.4935333333333333 0
1752024040423 0.4742 0
1752024055798 0.4120666666666667 0
1752024071135 0.0 0
1752024086559 0.485 0
1752024102032 0.4666 0
1752024117528 0.0 0
1752024133038 0.4597333333333333 0
1752024147818 1.3004666666666667 0
1752024163054 0.45486666666666664 0
1752024178315 0.4826666666666667 0
1752024193736 0.48186666666666667 0
1752024209063 0.0 0
1752024224447 0.0 0
1752024239849 0.0 0
1752024255130 0.48593333333333333 0
1752024270732 0.4804 0
1752024286277 0.4099333333333333 0
1752024301708 0.0 0
1752024315487 1.2616 0
1752024331013 0.4502 0
1752024346487 0.0 0
1752024358363 0.8474666666666666 0
1752024373852 0.4892666666666667 0
1752024389251 0.4768 0
1752024404677 0.0 0
1752024420060 0.4474 0
1752024424277 1.4406666666666665 0
1752024439545 0.41486666666666666 0
1752024454914 0.0 0
1752024470218 0.47673333333333334 0
1752024485567 0.46553333333333335 0
1752024494113 1.3696666666666668 0
1752024507782 1.2554 0
1752024523240 0.4894 0
1752024538557 0.0 0
1752024553908 0.48586666666666667 0
1752024569359 0.0 0
1752024584903 0.4242 0
1752024600341 0.49193333333333333 0
1752024608994 1.3576 0
1752024624407 0.0 0
1752024634367 1.3361333333333334 0
1752024649783 0.41966666666666663 0
1752024665283 0.4916 0
1752024680641 0.0 0
1752024696031 0.4842 0
1752024702316 1.397 0
1752024717643 0.0 0
1752024729107 1.3394 0
1752024744597 0.0 0
1752024759982 0.4886 0
1752024775428 0.4351333333333333 0
1752024790986 0.0 0
1752024806422 0.4754 0
1752024821994 0.4866 0
1752024837461 0.48273333333333335 0
1752024850381 1.2782666666666667 0
1752024866190 0.4769333333333333 0
1752024881616 0.4404 0
1752024897077 0.41686666666666666 0
1752024912504 0.45206666666666667 0
1752024927905 0.418 0
1752024943254 0.4576 0
1752024949149 1.4138666666666666 0
1752024964453 0.4479333333333333 0
1752024979462 1.2915333333333334 0
1752024994979 0.457 0
1752025010421 0.4945333333333333 0
1752025025844 0.43233333333333335 0
1752025041315 0.43406666666666666 0
1752025056812 0.409 0
1752025072266 0.49006666666666665 0
1752025087756 0.4786666666666667 0
1752025103286 0.49266666666666664 0
1752025118716 0.46886666666666665 0
1752025134053 0.4670666666666667 0
1752025149541 0.4271333333333333 0
1752025164960 0.0 0
1752025180343 0.4729333333333333 0
1752025195693 0.0 0
1752025211171 0.4826666666666667 0
1752025218443 0.9068 0
1752025233834 0.0 0
1752025249104 0.4921333333333333 0
1752025264527 0.4648 0
1752025279911 0.494 0
1752025295319 0.4315333333333333 0
1752025310776 0.4338666666666667 0
1752025326329 0.0 0
1752025341736 0.4862 0
1752025357087 0.4589333333333333 0
1752025372485 0.42086666666666667 0
1752025387960 0.0 0
1752025403356 0.4202666666666667 0
1752025418782 0.4291333333333333 0
1752025434160 0.4437333333333333 0
1752025449438 0.0 0
1752025464861 0.0 0
1752025480320 0.42993333333333333 0
1752025495728 0.0 0
1752025511140 0.0 0
1752025526647 0.4454 0
1752025542133 0.48186666666666667 0
1752025555112 1.2641333333333333 0
1752025565893 1.3397333333333332 0
1752025581271 0.0 0
1752025595941 1.2824 0
1752025611262 0.48706666666666665 0
1752025616079 1.4232666666666667 0
1752025629998 1.2486666666666668 0
1752025639287 1.3721999999999999 0
1752025654596 0.4344 0
1752025669987 0.4434666666666667 0
1752025685314 0.4342666666666667 0
1752025700607 0.45366666666666666 0
1752025715999 0.0 0
1752025731364 0.49106666666666665 0
1752025746749 0.48893333333333333 0
1752025759113 1.3268 0
1752025774378 1.2790666666666666 0
1752025789758 0.4839333333333333 0
1752025796801 1.3934 0
1752025812272 0.0 0
1752025827672 0.0 0
1752025843049 0.0 0
1752025858269 0.44133333333333336 0
1752025873711 0.0 0
1752025889079 0.4714 0
1752025904516 0.0 0
1752025919906 0.4264 0
1752025928839 1.3517333333333332 0
1752025944157 0.44286666666666663 0
1752025959486 0.4905333333333333 0
1752025974937 0.0 0
1752025990388 0.4059333333333333 0
1752026005660 0.4948 0
1752026020943 0.4630666666666667 0
1752026036404 0.0 0
1752026051840 0.4483333333333333 0
1752026067290 0.0 0
1752026082643 0.4912 0
1752026097942 0.49193333333333333 0
1752026113247 0.46186666666666665 0
1752026121178 1.3876666666666666 0
1752026131984 1.3175333333333334 0
1752026147403 0.0 0
1752026162741 0.4252666666666667 0
1752026168192 0.9302666666666667 0
1752026183635 0.49 0
1752026198338 1.2816666666666667 0
1752026213800 0.4496 0
1752026229211 0.0 0
1752026244667 0.4592 0
1752026260073 0.42393333333333333 0
1752026275622 0.0 0
1752026291196 0.0 0
1752026306663 0.45153333333333334 0
1752026322141 0.0 0
1752026337494 0.48213333333333336 0
1752026352855 0.4928666666666667 0
1752026363965 1.3494 0
1752026379318 0.46013333333333334 0
1752026394654 0.0 0
1752026409979 0.48706666666666665 0
1752026425463 0.0 0
1752026441011 0.4822 0
1752026456509 0.4881333333333333 0
1752026471944 0.4281333333333333 0
1752026487418 0.4202666666666667 0
1752026502868 0.48673333333333335 0
1752026518431 0.4538 0
1752026532484 1.2991333333333333 0
1752026547881 0.442 0
1752026557616 1.3329333333333333 0
1752026572902 0.48886666666666667 0
1752026588180 0.4038 0
1752026603522 0.46986666666666665 0
1752026618738 0.4792 0
1752026634023 0.488 0
1752026649307 0.46773333333333333 0
1752026664556 0.0 0
1752026679870 0.4865333333333333 0
1752026695209 0.44913333333333333 0
1752026710693 0.418 0
1752026726085 0.0 0
1752026740102 1.3107333333333333 0
1752026755496 0.45086666666666664 0
1752026771061 0.4022 0
1752026786508 0.0 0
1752026801888 0.46686666666666665 0
1752026817329 0.0 0
1752026832749 0.45640000000000003 0
1752026848180 0.0 0
1752026856466 1.3798666666666666 0
1752026871844 0.41906666666666664 0
1752026887195 0.469 0
1752026902601 0.4479333333333333 0
1752026918160 0.0 0
1752026933562 0.482 0
1752026948975 0.4748 0
1752026964444 0.4669333333333333 0
1752026980090 0.4539333333333333 0
1752026995687 0.40326666666666666 0
1752027011188 0.4898 0
1752027015208 1.4439333333333333 0
1752027030691 0.4006 0
1752027044515 0.8221333333333334 0
1752027059953 0.0 0
1752027070308 1.3474 0
1752027085730 0.0 0
1752027101156 0.48633333333333334 0
1752027116519 0.4274 0
1752027131839 0.48406666666666665 0
1752027147375 0.0 0
1752027162890 0.0 0
1752027170134 1.3802 0
1752027185562 0.0 0
1752027200960 0.0 0
1752027216548 0.0 0
1752027232016 0.4548 0
1752027243753 1.3175333333333334 0
1752027259246 0.43 0
1752027274838 0.4507333333333333 0
1752027290288 0.42493333333333333 0
1752027305719 0.4856 0
1752027321059 0.4382 0
1752027336497 0.4714 0
1752027342219 1.4096666666666666 0
1752027357518 0.4456 0
1752027366503 1.3776 0
1752027381797 0.4544 0
1752027397474 0.0 0
1752027412951 0.4524 0
1752027428368 0.47906666666666664 0
1752027443797 0.434 0
1752027459222 0.49066666666666664 0
1752027474742 0.48160000000000003 0
1752027490340 0.4172 0
1752027505843 0.0 0
1752027521445 0.4342666666666667 0
1752027536768 0.4672 0
1752027552135 0.45553333333333335 0
1752027568126 0.46799999999999997 0
1752027583708 0.4587333333333333 0
1752027599224 0.0 0
1752027614728 0.0 0
1752027630362 0.4796 0
1752027645854 0.4618 0
1752027661259 0.0 0
1752027673215 1.2924666666666667 0
1752027688564 0.41746666666666665 0
1752027704045 0.4643333333333333 0
1752027719598 0.0 0
1752027735106 0.0 0
1752027750697 0.0 0
1752027766128 0.4679333333333333 0
1752027781522 0.0 0
1752027797028 0.4038 0
1752027812469 0.48906666666666665 0
1752027827868 0.4872 0
1752027843319 0.0 0
1752027858744 0.47626666666666667 0
1752027874251 0.41059999999999997 0
1752027889800 0.49093333333333333 0
1752027905129 0.4746 0
1752027920471 0.0 0
1752027936044 0.43493333333333334 0
1752027951516 0.49466666666666664 0
1752027967157 0.4512 0
1752027982597 0.4784 0
1752027997996 0.0 0
1752028013571 0.0 0
1752028029072 0.0 0
1752028044532 0.0 0
1752028060006 0.0 0
1752028075364 0.45826666666666666 0
1752028090709 0.4938666666666667 0
1752028106292 0.4172 0
1752028121738 0.0 0
1752028134038 1.2947333333333333 0
1752028149555 0.0 0
1752028165095 0.4005333333333333 0
1752028180573 0.4918666666666667 0
1752028195841 1.2956666666666667 0
1752028211374 0.49073333333333335 0
1752028226825 0.41806666666666664 0
1752028242263 0.0 0
1752028257759 0.43833333333333335 0
1752028273160 0.45026666666666665 0
1752028287561 1.303 0
1752028303074 0.0 0
1752028318442 0.486 0
1752028333786 0.48146666666666665 0
1752028344068 1.3496666666666666 0
1752028359628 0.0 0
1752028373809 1.2520666666666667 0
1752028389188 0.44726666666666665 0
1752028404802 0.0 0
1752028420279 0.0 0
1752028435826 0.41146666666666665 0
1752028451371 0.47533333333333333 0
1752028466848 0.0 0
1752028482269 0.40126666666666666 0
1752028497699 0.42106666666666664 0
1752028513084 0.4018 0
1752028528455 0.0 0
1752028543808 0.4945333333333333 0
1752028559185 0.41446666666666665 0
1752028574578 0.4845333333333333 0
1752028589998 0.0 0
1752028605333 0.45486666666666664 0
1752028620834 0.46173333333333333 0
1752028636266 0.48186666666666667 0
1752028651842 0.0 0
1752028667406 0.0 0
1752028683065 0.0 0
1752028698577 0.4640666666666667 0
1752028714044 0.4628 0
1752028729472 0.45386666666666664 0
1752028744880 0.0 0
1752028760280 0.4562 0
1752028775758 0.48373333333333335 0
1752028791230 0.4522 0
1752028806646 0.4058 0
1752028822084 0.42586666666666667 0
1752028837518 0.0 0
1752028852918 0.483 0
1752028868412 0.4158 0
1752028883946 0.4272666666666667 0
1752028899523 0.4649333333333333 0
1752028906722 1.3974666666666666 0
1752028922242 0.0 0
1752028935534 1.3034666666666666 0
1752028951016 0.0 0
1752028966499 0.4234 0
1752028969901 1.4470666666666667 0
1752028985447 0.45713333333333334 0
1752029000872 0.446 0
1752029016368 0.4494666666666667 0
1752029031776 0.4792 0
1752029047120 0.0 0
1752029062592 0.4590666666666667 0
1752029068345 1.4174 0
1752029083791 0.47013333333333335 0
1752029094539 1.3443333333333332 0
1752029109966 0.46086666666666665 0
1752029125395 0.0 0
1752029140826 0.4905333333333333 0
1752029156329 0.44506666666666667 0
1752029171736 0.4892666666666667 0
1752029187171 0.4612 0
1752029202547 0.0 0
1752029217882 0.486 0
1752029233387 0.47846666666666665 0
1752029243615 1.3336666666666668 0
1752029258986 0.0 0
1752029274523 0.0 0
1752029281905 1.3817333333333333 0
1752029297420 0.4302666666666667 0
1752029312848 0.4912 0
1752029328326 0.0 0
1752029343994 0.4882 0
1752029357833 1.2654666666666667 0
1752029373540 0.45466666666666666 0
1752029384078 1.3472 0
1752029399498 0.42386666666666667 0
1752029415163 0.46826666666666666 0
1752029430658 0.4935333333333333 0
1752029446165 0.0 0
1752029454316 1.3804666666666667 0
1752029468725 1.2690666666666666 0
1752029484179 0.4492 0
1752029498345 1.2813333333333334 0
1752029513829 0.0 0
1752029525794 1.2982666666666667 0
1752029541238 0.48846666666666666 0
1752029546248 1.4234 0
1752029561860 0.0 0
1752029577461 0.47946666666666665 0
1752029592930 0.45013333333333333 0
1752029608503 0.0 0
1752029623934 0.49273333333333336 0
1752029639340 0.4935333333333333 0
1752029654966 0.46846666666666664 0
1752029670295 0.4905333333333333 0
1752029685719 0.4198 0
1752029701158 0.4285333333333333 0
1752029716695 0.0 0
1752029732079 0.4895333333333333 0
1752029747495 0.42186666666666667 0
1752029753341 1.4171333333333334 0
1752029768731 0.46453333333333335 0
1752029777391 1.3524666666666667 0
1752029793044 0.48846666666666666 0
1752029808473 0.4619333333333333 0
1752029823913 0.4554666666666667 0
1752029839244 0.4826666666666667 0
1752029854796 0.0 0
1752029870346 0.4543333333333333 0
1752029877375 1.3927333333333332 0
1752029892902 0.43379999999999996 0
1752029908362 0.0 0
1752029920674 1.3273333333333333 0
1752029936122 0.4634 0
1752029951616 0.0 0
1752029967181 0.4928 0
1752029982580 1.2601333333333333 0
1752029998009 0.0 0
1752030013416 0.4912666666666667 0
1752030028930 0.4804 0
1752030044395 0.48533333333333334 0
1752030059824 0.40126666666666666 0
1752030075212 0.4275333333333333 0
1752030090687 0.4809333333333333 0
1752030106194 0.0 0
1752030121755 0.41633333333333333 0
1752030137280 0.4604666666666667 0
1752030152832 0.47906666666666664 0
1752030168305 0.0 0
1752030183674 0.4792666666666667 0
1752030199080 0.4693333333333333 0
1752030214403 0.47973333333333334 0
1752030229787 0.0 0
1752030245160 0.45113333333333333 0
1752030260606 0.4158 0
1752030276131 0.4030666666666667 0
1752030291534 0.44886666666666664 0
1752030301914 1.3350666666666666 0
1752030317397 0.0 0
1752030332850 0.43193333333333334 0
1752030348410 0.0 0
1752030363905 0.0 0
1752030379315 0.4593333333333333 0
1752030394760 0.0 0
1752030410235 0.41673333333333334 0
1752030425720 0.408 0
1752030441058 0.4814 0
1752030455758 1.2542666666666666 0
1752030464990 1.3466666666666667 0
1752030480493 0.44633333333333336 0
1752030495958 0.49093333333333333 0
1752030511565 0.0 0
1752030527007 0.4864 0
1752030542448 0.49233333333333335 0
1752030557871 0.42846666666666666 0
1752030573493 0.48473333333333335 0
1752030588978 0.0 0
1752030604507 0.0 0
1752030620062 0.0 0
1752030635358 0.42706666666666665 0
1752030650624 0.4896 0
1752030666023 0.0 0
1752030681388 0.485 0
1752030696807 0.43066666666666664 0
1752030712220 0.4372 0
1752030727707 0.0 0
1752030743111 0.47146666666666665 0
1752030758550 0.4599333333333333 0
1752030774013 0.48606666666666665 0
1752030789535 0.4901333333333333 0
1752030804963 0.46826666666666666 0
1752030820454 0.0 0
1752030835997 0.4796666666666667 0
1752030851574 0.4704 0
1752030867171 0.0 0
1752030882604 0.4604666666666667 0
1752030897935 0.48606666666666665 0
1752030913262 0.4892666666666667 0
1752030928584 0.0 0
1752030943954 0.45566666666666666 0
1752030959362 0.0 0
1752030974856 0.0 0
1752030990342 0.4346 0
1752031005806 0.41506666666666664 0
1752031021121 0.43193333333333334 0
1752031036523 0.4836666666666667 0
1752031047740 1.3280666666666665 0
1752031063139 0.48213333333333336 0
1752031078562 0.48606666666666665 0
1752031094089 0.0 0
1752031109580 0.41146666666666665 0
1752031125045 0.4112 0
1752031140348 0.49046666666666666 0
1752031155982 0.0 0
1752031171900 0.0 0
1752031187482 0.45 0
1752031202937 0.49346666666666666 0
1752031218479 0.493 0
1752031233911 0.4948 0
1752031239948 1.4175333333333333 0
1752031255490 0.4305333333333333 0
1752031270946 0.49106666666666665 0
1752031286360 0.4835333333333333 0
1752031301770 0.48733333333333334 0
1752031317346 0.4427333333333333 0
1752031327939 1.3286666666666667 0
1752031343411 0.46726666666666666 0
1752031352130 0.8877333333333333 0
1752031367480 0.4941333333333333 0
1752031383008 0.0 0
1752031398410 0.45106666666666667 0
1752031402834 1.431 0
1752031414713 1.3381333333333334 0
1752031430208 0.0 0
1752031445633 0.0 0
1752031460985 0.4789333333333333 0
1752031476482 0.4696666666666667 0
1752031491933 0.42113333333333336 0
1752031507355 0.4884 0
1752031522760 0.0 0
1752031538130 0.45013333333333333 0
1752031553616 0.4922 0
1752031569052 0.0 0
1752031584607 0.45453333333333334 0
1752031600087 0.4638 0
1752031609757 0.8755999999999999 0
1752031625194 0.0 0
1752031640701 0.0 0
1752031656141 0.4332666666666667 0
1752031671593 0.0 0
1752031674726 1.4538666666666666 0
1752031690020 0.42633333333333334 0
1752031705607 0.4886 0
1752031721036 0.48586666666666667 0
1752031736475 0.4809333333333333 0
1752031751893 0.0 0
1752031767453 0.4129333333333333 0
1752031783014 0.44706666666666667 0
1752031798555 0.0 0
1752031814038 0.4478 0
1752031829574 0.4670666666666667 0
1752031845111 0.0 0
1752031860598 0.4768 0
1752031875846 0.4816666666666667 0
1752031891195 0.46166666666666667 0
1752031906572 0.4603333333333333 0
1752031922005 0.42073333333333335 0
1752031937341 0.47153333333333336 0
1752031952828 0.4866666666666667 0
1752031968312 0.0 0
1752031983816 0.0 0
1752031999172 0.48893333333333333 0
1752032014663 0.48833333333333334 0
1752032030167 0.4387333333333333 0
1752032045653 0.4547333333333333 0
1752032061200 0.0 0
1752032076741 0.4404 0
1752032092028 0.4931333333333333 0
1752032107384 0.45126666666666665 0
1752032122843 0.4254 0
1752032138238 0.45006666666666667 0
1752032153530 0.4769333333333333 0
1752032168935 0.403 0
1752032184339 0.4874 0
1752032199778 0.4291333333333333 0
1752032211470 1.3271333333333333 0
1752032221554 1.322 0
1752032236923 0.4806 0
1752032252283 0.45966666666666667 0
1752032267801 0.0 0
1752032283309 0.0 0
1752032298768 0.458 0
1752032314150 0.4926 0
1752032329594 0.49066666666666664 0
1752032344962 0.41786666666666666 0
1752032360368 0.43546666666666667 0
1752032375921 0.45853333333333335 0
1752032391389 0.45033333333333336 0
1752032406808 0.47646666666666665 0
1752032422263 0.4537333333333333 0
1752032437745 0.4630666666666667 0
1752032453060 0.48 0
1752032461883 1.3513333333333333 0
1752032467357 1.4172666666666667 0
1752032476006 1.3745333333333334 0
1752032491483 0.4318666666666667 0
1752032506995 0.485 0
1752032522565 0.0 0
1752032538142 0.43366666666666664 0
1752032551549 0.8278666666666666 0
1752032558063 1.4078 0
1752032573492 0.47286666666666666 0
1752032588809 0.4922666666666667 0
1752032604183 0.4549333333333333 0
1752032619619 0.0 0
1752032634992 0.46173333333333333 0
1752032650320 0.4835333333333333 0
1752032665806 0.47226666666666667 0
1752032681327 0.46886666666666665 0
1752032696764 0.4836666666666667 0
1752032712195 0.4262666666666667 0
1752032727604 0.4104 0
1752032743046 0.4876666666666667 0
1752032758489 0.4794 0
1752032774002 0.4746666666666667 0
1752032786907 1.2922 0
1752032801957 1.2824666666666666 0
1752032817321 0.0 0
1752032832797 0.44353333333333333 0
1752032848278 0.45033333333333336 0
1752032858336 1.3350666666666666 0
1752032873681 0.4886 0
1752032889065 0.4666666666666667 0
1752032904368 0.494 0
1752032919766 0.45713333333333334 0
1752032935255 0.4656666666666667 0
1752032947745 1.3165333333333333 0
1752032963193 0.0 0
1752032978832 0.44593333333333335 0
1752032994351 0.0 0
1752033009887 0.48246666666666665 0
1752033021572 1.3264 0
1752033036909 0.44606666666666667 0
1752033052362 0.403 0
1752033067835 0.40513333333333335 0
1752033083217 0.0 0
1752033098766 0.0 0
1752033114177 0.4908 0
1752033129585 0.4748 0
1752033145144 0.0 0
1752033160673 0.0 0
1752033176065 0.0 0
1752033191512 0.4562 0
1752033207170 0.4819333333333333 0
1752033218917 1.3178 0
1752033234453 0.408 0
1752033249992 0.0 0
1752033265532 0.0 0
1752033281135 0.49333333333333335 0
1752033296532 0.4516 0
1752033310582 1.2560666666666667 0
1752033326078 0.4302666666666667 0
1752033341591 0.493 0
1752033357052 0.40246666666666664 0
1752033370438 1.2894 0
1752033385985 0.0 0
1752033401643 0.40573333333333333 0
1752033417175 0.4292666666666667 0
1752033432579 0.481 0
1752033448124 0.0 0
1752033463551 0.4708 0
1752033474927 0.8541333333333333 0
1752033490394 0.42793333333333333 0
1752033505821 0.4448 0
1752033521854 0.46166666666666667 0
1752033537552 0.4040666666666667 0
1752033553079 0.0 0
1752033568831 0.4866666666666667 0
1752033584388 0.4826666666666667 0
1752033599671 0.41413333333333335 0
1752033612846 1.3009333333333333 0
1752033628287 0.43533333333333335 0
1752033643764 0.4756666666666667 0
1752033659273 0.0 0
1752033674730 0.0 0
1752033690371 0.0 0
1752033705955 0.0 0
1752033714827 1.3752 0
1752033730311 0.0 0
1752033745953 0.484 0
1752033761418 0.0 0
1752033776792 0.4604 0
1752033792122 0.0 0
1752033807545 0.451 0
1752033823205 0.0 0
1752033838631 0.4569333333333333 0
1752033854019 0.48506666666666665 0
1752033869811 0.4774 0
1752033885425 0.0 0
1752033900817 0.424 0
1752033916434 0.4901333333333333 0
1752033932084 0.0 0
1752033947567 0.0 0
1752033961693 1.311 0
1752033977276 0.41566666666666663 0
1752033987680 1.3340666666666667 0
1752034003144 0.0 0
1752034018564 0.4104 0
1752034034010 0.49406666666666665 0
1752034049407 0.4925333333333333 0
1752034064912 0.0 0
1752034080353 0.4267333333333333 0
1752034095633 0.49133333333333334 0
1752034111040 0.4732 0
1752034126401 0.41226666666666667 0
1752034141866 0.44586666666666663 0
1752034157270 0.4454 0
1752034172861 0.4852 0
1752034188421 0.48746666666666666 0
1752034204101 0.0 0
1752034218423 1.291 0
1752034233908 0.0 0
1752034249406 0.0 0
1752034264854 0.49393333333333334 0
1752034280348 0.43846666666666667 0
1752034295773 0.4069333333333333 0
1752034311202 0.455 0
1752034326606 0.42846666666666666 0
1752034342036 0.471 0
1752034356652 1.2534666666666667 0
1752034372085 0.4759333333333333 0
1752034387549 0.436 0
1752034403019 0.4663333333333333 0
1752034418649 0.0 0
1752034434283 0.0 0
1752034449864 0.42706666666666665 0
1752034465386 0.43133333333333335 0
1752034480766 0.48633333333333334 0
1752034496307 0.4002 0
1752034511750 0.4038 0
1752034527237 0.0 0
1752034542617 0.0 0
1752034558037 0.44886666666666664 0
1752034573369 0.48186666666666667 0
1752034588855 0.0 0
1752034604389 0.0 0
1752034619939 0.0 0
1752034635444 0.4834 0
1752034650825 0.45566666666666666 0
1752034666354 0.4189333333333333 0
1752034681853 0.0 0
1752034697275 0.47373333333333334 0
1752034712919 0.0 0
1752034728374 0.0 0
1752034743781 0.48406666666666665 0
1752034749715 1.4192 0
1752034765652 0.4703333333333333 0
1752034781237 0.0 0
1752034796706 0.0 0
1752034812212 0.0 0
1752034827955 0.46199999999999997 0
1752034843417 0.4874 0
1752034859023 0.4199333333333333 0
1752034874496 0.42166666666666663 0
1752034883959 1.3532666666666666 0
1752034899413 0.43666666666666665 0
1752034910913 1.3087333333333333 0
1752034926340 0.46673333333333333 0
1752034938885 1.2806 0
1752034954357 0.44133333333333336 0
1752034969806 0.0 0
1752034985338 0.0 0
1752035000809 0.45953333333333335 0
1752035016349 0.0 0
1752035031874 0.0 0
1752035047218 0.46013333333333334 0
1752035062706 0.0 0
1752035078279 0.42146666666666666 0
1752035093875 0.4822666666666667 0
1752035109401 0.4922666666666667 0
1752035124904 0.41059999999999997 0
1752035140351 0.48306666666666664 0
1752035155959 0.48013333333333336 0
1752035171480 0.479 0
1752035186962 0.47426666666666667 0
1752035202544 0.0 0
1752035218005 0.47406666666666664 0
1752035233352 0.4825333333333333 0
1752035248905 0.44226666666666664 0
1752035264288 0.47513333333333335 0
1752035279736 0.0 0
1752035295190 0.0 0
1752035310734 0.4769333333333333 0
1752035326074 0.4252 0
1752035341458 0.4277333333333333 0
1752035356840 0.4922 0
1752035372508 0.0 0
1752035377049 1.4285333333333334 0
1752035392550 0.41846666666666665 0
1752035405484 1.3043333333333333 0
1752035421074 0.0 0
1752035436420 0.4512 0
1752035444577 1.3837333333333333 0
1752035460085 0.40086666666666665 0
1752035475466 0.42666666666666664 0
1752035490996 0.0 0
1752035506530 0.481 0
1752035522017 0.0 0
1752035537470 0.44733333333333336 0
1752035553111 0.4700666666666667 0
1752035568550 0.4660666666666667 0
1752035584007 0.4053333333333333 0
1752035599446 0.4765333333333333 0
1752035615051 0.4336 0
1752035630660 0.0 0
1752035644312 1.3134 0
1752035651576 1.39 0
1752035667150 0.0 0
1752035682770 0.0 0
1752035698195 0.4546 0
1752035713678 0.0 0
1752035729276 0.46873333333333334 0
1752035744896 0.42466666666666664 0
1752035760257 0.49306666666666665 0
1752035775679 0.452 0
1752035791109 0.4262666666666667 0
1752035806565 0.4582 0
1752035822077 0.4224 0
1752035837568 0.49473333333333336 0
1752035853100 0.0 0
1752035868648 0.4951333333333333 0
1752035884170 0.4918 0
1752035899716 0.4382666666666667 0
1752035910273 1.3506666666666667 0
1752035925718 0.4716 0
1752035941228 0.48933333333333334 0
1752035956596 0.4587333333333333 0
1752035972261 0.0 0
1752035987673 0.4550666666666667 0
1752036003061 0.0 0
1752036018485 0.0 0
1752036033969 0.43846666666666667 0
1752036049479 0.4829333333333333 0
1752036064911 0.0 0
1752036080359 0.4483333333333333 0
1752036088429 1.3885333333333334 0
1752036103963 0.0 0
1752036119561 0.4234 0
1752036135162 0.47773333333333334 0
1752036150676 0.484 0
1752036166075 0.48606666666666665 0
1752036181567 0.47173333333333334 0
1752036196873 0.47406666666666664 0
1752036212377 0.4198 0
1752036227883 0.0 0
1752036243347 0.0 0
1752036258912 0.4882 0
1752036274461 0.4922666666666667 0
1752036290014 0.4456 0
1752036298634 1.3835333333333333 0
1752036314062 0.4901333333333333 0
1752036329652 0.4848 0
1752036345334 0.0 0
1752036360889 0.45886666666666664 0
1752036376537 0.0 0
1752036392061 0.48033333333333333 0
1752036407624 0.473 0
1752036423209 0.48793333333333333 0
1752036438723 0.4819333333333333 0
1752036454303 0.0 0
1752036469749 0.4532 0
1752036485225 0.0 0
1752036500767 0.41466666666666663 0
1752036516367 0.4875333333333333 0
1752036531858 0.0 0
1752036547314 0.4918666666666667 0
1752036556312 1.3552666666666666 0
1752036571981 0.4568 0
1752036587619 0.4805333333333333 0
1752036603272 0.4640666666666667 0
1752036618881 0.4678 0
1752036627222 1.3700666666666668 0
1752036642936 0.4845333333333333 0
1752036658339 0.4925333333333333 0
1752036673679 0.4755333333333333 0
1752036689121 0.4543333333333333 0
1752036704671 0.0 0
1752036715542 1.3481999999999998 0
1752036730927 0.40526666666666666 0
1752036746473 0.41186666666666666 0
1752036761687 0.8050666666666666 0
1752036772652 1.3304 0
1752036788213 0.0 0
1752036803874 0.4875333333333333 0
1752036819533 0.4732 0
1752036835281 0.0 0
1752036850981 0.46453333333333335 0
1752036866476 0.0 0
1752036870760 1.4330666666666667 0
1752036886204 0.443 0
1752036901817 0.4126666666666667 0
1752036917337 0.4694 0
1752036932824 0.48086666666666666 0
1752036948322 0.4692 0
1752036963719 0.4683333333333333 0
1752036979237 0.4898666666666667 0
1752036994594 0.4454666666666667 0
1752037010032 0.4886 0
1752037025526 0.4775333333333333 0
1752037041119 0.4234 0
1752037056679 0.0 0
1752037072126 0.0 0
1752037087648 0.0 0
1752037103117 0.46253333333333335 0
1752037118432 0.49473333333333336 0
1752037133790 0.47513333333333335 0
1752037149119 0.40526666666666666 0
1752037164793 0.48546666666666666 0
1752037180421 0.4824 0
1752037195853 0.46553333333333335 0
1752037211248 0.45126666666666665 0
1752037226768 0.46273333333333333 0
1752037242316 0.0 0
1752037257708 0.48046666666666665 0
1752037273149 0.4574666666666667 0
1752037288664 0.44053333333333333 0
1752037304298 0.0 0
1752037319764 0.0 0
1752037335307 0.0 0
1752037350845 0.4276 0
1752037366407 0.45566666666666666 0
1752037381985 0.4104 0
1752037394101 1.2816666666666667 0
1752037409690 0.0 0
1752037425169 0.0 0
1752037440512 0.4386 0
1752037455919 0.4898666666666667 0
1752037471471 0.4544 0
1752037487150 0.4666666666666667 0
1752037493648 1.3902666666666665 0
1752037509275 0.4476 0
1752037524927 0.471 0
1752037540600 0.0 0
1752037556301 0.409 0
1752037571904 0.40326666666666666 0
1752037587496 0.4576 0
1752037597389 1.3508 0
1752037612871 0.0 0
1752037628323 0.0 0
1752037643758 0.47086666666666666 0
1752037659218 0.44813333333333333 0
1752037674676 0.0 0
1752037690199 0.4285333333333333 0
1752037696697 1.4064666666666668 0
1752037712111 1.2832666666666666 0
1752037727641 0.4662 0
1752037743273 0.4009333333333333 0
1752037758883 0.49319999999999997 0
1752037767942 1.3634666666666666 0
1752037783495 0.0 0
1752037799157 0.4502 0
1752037814750 0.47673333333333334 0
1752037830143 0.4906 0
1752037845644 0.4112 0
1752037861034 0.482 0
1752037876444 0.4663333333333333 0
1752037891999 0.445 0
1752037907404 0.0 0
1752037922739 0.4792666666666667 0
1752037938241 0.4554 0
1752037953732 0.4606 0
1752037969271 0.0 0
1752037984716 0.486 0
1752038000335 0.0 0
1752038015941 0.4734 0
1752038031593 0.0 0
1752038047259 0.0 0
1752038058084 1.3102666666666667 0
1752038073579 0.4553333333333333 0
1752038089139 0.0 0
1752038103869 1.2882666666666667 0
1752038119232 0.4836666666666667 0
1752038134762 0.445 0
1752038150251 0.0 0
1752038165849 0.46186666666666665 0
1752038181407 0.49206666666666665 0
1752038196954 0.49006666666666665 0
1752038212560 0.46673333333333333 0
1752038228151 0.43233333333333335 0
1752038243623 0.487 0
1752038259314 0.4331333333333333 0
1752038274912 0.4624666666666667 0
1752038290654 0.41706666666666664 0
1752038306212 0.4497333333333333 0
1752038314549 1.3661333333333334 0
1752038318842 1.4399333333333333 0
1752038334311 0.44866666666666666 0
1752038349702 0.44626666666666664 0
1752038365656 0.4896 0
1752038381325 0.452 0
1752038391806 1.3492 0
1752038407327 0.44326666666666664 0
1752038414474 1.3841999999999999 0
1752038429986 0.456 0
1752038445436 0.41673333333333334 0
1752038461200 0.0 0
1752038476767 0.49233333333333335 0
1752038492330 0.4660666666666667 0
1752038507919 0.4841333333333333 0
1752038523458 0.4478 0
1752038539033 0.4726 0
1752038554694 0.45006666666666667 0
1752038570155 0.417 0
1752038585555 0.48673333333333335 0
1752038601162 0.43179999999999996 0
1752038616819 0.0 0
1752038632344 0.0 0
1752038642453 1.3208666666666666 0
1752038657852 0.4948 0
1752038668314 1.3374 0
1752038683980 0.4444666666666667 0
1752038690269 0.9208 0
1752038705858 0.44179999999999997 0
1752038721484 0.4648 0
1752038737180 0.4845333333333333 0
1752038752781 0.0 0
1752038768440 0.41886666666666666 0
1752038784168 0.48286666666666667 0
1752038799811 0.4342666666666667 0
1752038812394 1.2896 0
1752038827863 0.4693333333333333 0
1752038843302 0.4782666666666667 0
1752038858802 0.4905333333333333 0
1752038873820 1.2997999999999998 0
1752038889223 0.46726666666666666 0
1752038904864 0.0 0
1752038920406 0.0 0
1752038935909 0.0 0
1752038951391 0.47886666666666666 0
1752038967055 0.0 0
1752038982666 0.49093333333333333 0
1752038998264 0.0 0
1752039013850 0.4444 0
1752039029598 0.0 0
1752039045052 0.48486666666666667 0
1752039060506 0.0 0
1752039076076 0.48946666666666666 0
1752039089706 1.3120666666666667 0
1752039105350 0.0 0
1752039120818 0.42606666666666665 0
1752039136343 0.4414666666666667 0
1752039149735 1.3054000000000001 0
1752039160353 1.3526666666666667 0
1752039175895 0.4132 0
1752039189844 1.2834 0
1752039205512 0.0 0
1752039210856 1.42 0
1752039226442 0.47426666666666667 0
1752039242175 0.0 0
1752039257788 0.0 0
1752039273415 0.0 0
1752039289111 0.0 0
1752039304574 0.0 0
1752039319989 0.0 0
1752039335547 0.47333333333333333 0
1752039351036 0.0 0
1752039366569 1.2288666666666666 0
1752039382089 0.44233333333333336 0
1752039394391 1.2840666666666665 0
1752039409908 0.465 0
1752039425511 0.0 0
1752039440982 0.494 0
1752039456614 0.0 0
1752039472087 0.4642 0
1752039487690 0.41133333333333333 0
1752039503331 0.4198 0
1752039518927 0.0 0
1752039534377 0.4674 0
1752039549726 0.46553333333333335 0
1752039565272 0.4364 0
1752039578870 1.3135333333333332 0
1752039594402 0.48313333333333336 0
1752039609798 0.0 0
1752039625381 0.4580666666666667 0
1752039640899 0.48006666666666664 0
1752039656424 0.41059999999999997 0
1752039672019 0.416 0
1752039687679 0.0 0
1752039702091 1.2925333333333333 0
1752039717698 0.46873333333333334 0
1752039732705 1.2931333333333332 0
1752039744978 1.2907333333333333 0
1752039760549 0.4421333333333333 0
1752039776092 0.4846 0
1752039791535 0.4690666666666667 0
1752039807069 0.48373333333333335 0
1752039822614 0.4029333333333333 0
1752039838163 0.4189333333333333 0
1752039853655 0.48846666666666666 0
1752039869252 0.4954 0
1752039884988 0.0 0
1752039900566 0.42333333333333334 0
1752039916201 0.43766666666666665 0
1752039931796 0.4458 0
1752039947328 0.48593333333333333 0
1752039963100 0.418 0
1752039978863 0.42833333333333334 0
1752039994395 0.456 0
1752040009937 0.45613333333333334 0
1752040025501 0.0 0
1752040041105 0.48486666666666667 0
1752040056784 0.0 0
1752040072327 0.41759999999999997 0
1752040087851 0.41286666666666666 0
1752040103364 0.4568 0
1752040118827 0.4925333333333333 0
1752040134498 0.47806666666666664 0
1752040150176 0.0 0
1752040165911 0.4895333333333333 0
1752040181586 0.465 0
1752040197286 0.0 0
1752040213006 0.0 0
1752040228732 0.4786 0
1752040244328 0.48246666666666665 0
1752040259895 0.0 0
1752040275601 0.46986666666666665 0
1752040291129 0.45666666666666667 0
1752040306641 0.444 0
1752040319948 1.2888666666666666 0
1752040335496 0.46586666666666665 0
1752040351034 0.46013333333333334 0
1752040366540 0.47173333333333334 0
1752040382167 0.4496 0
1752040397750 0.4696666666666667 0
1752040413372 0.0 0
1752040429097 0.46973333333333334 0
1752040444604 0.48833333333333334 0
1752040448971 0.9470666666666667 0
1752040464606 0.4056666666666667 0
1752040471043 1.4019333333333335 0
1752040486676 0.0 0
1752040498131 1.3305333333333333 0
1752040513722 0.4924 0
1752040529292 0.46773333333333333 0
1752040544870 0.4815333333333333 0
1752040560338 0.4539333333333333 0
1752040575894 0.4786666666666667 0
1752040591659 0.0 0
1752040607355 0.4614666666666667 0
1752040622938 0.0 0
1752040638454 0.44533333333333336 0
1752040654114 0.49133333333333334 0
1752040669774 0.43433333333333335 0
1752040685437 0.4938 0
1752040701048 0.4836666666666667 0
1752040716728 0.0 0
1752040732394 0.46226666666666666 0
1752040747900 0.48433333333333334 0
1752040763455 0.4855333333333333 0
1752040779102 0.4926 0
1752040787372 1.3889333333333334 0
1752040802874 0.48306666666666664 0
1752040818389 0.48013333333333336 0
1752040831162 1.3286666666666667 0
1752040846674 0.44333333333333336 0
1752040862144 0.4789333333333333 0
1752040877736 0.47026666666666667 0
1752040893249 0.0 0
1752040908892 0.0 0
1752040924644 0.0 0
1752040940240 0.48893333333333333 0
1752040955958 0.4938 0
1752040971488 0.4642 0
1752040986988 0.4922666666666667 0
1752041002567 0.0 0
1752041018087 0.0 0
1752041033746 0.4347333333333333 0
1752041049308 0.4540666666666667 0
1752041065015 0.4809333333333333 0
1752041076595 1.3405999999999998 0
1752041092239 0.4498 0
1752041107899 0.0 0
1752041123570 0.44653333333333334 0
1752041139211 0.4776 0
1752041154914 0.4594 0
1752041170692 0.4334 0
1752041186303 0.439 0
1752041201878 0.0 0
1752041217440 0.0 0
1752041232890 0.4935333333333333 0
1752041246672 1.2672666666666668 0
1752041262295 0.4951333333333333 0
1752041277782 0.4905333333333333 0
1752041293178 0.48433333333333334 0
1752041308866 0.0 0
1752041324589 0.4406 0
1752041340207 0.485 0
1752041355937 0.0 0
1752041371585 0.43906666666666666 0
1752041387369 0.47086666666666666 0
1752041403112 0.41866666666666663 0
1752041418774 0.0 0
1752041428372 1.3356666666666666 0
1752041444029 0.45753333333333335 0
1752041459679 0.0 0
1752041475336 0.41659999999999997 0
1752041490948 0.4914 0
1752041506497 0.46473333333333333 0
1752041521961 0.4876666666666667 0
1752041537482 0.43646666666666667 0
1752041553141 0.45740000000000003 0
1752041568681 0.4698 0
1752041582386 1.2831333333333332 0
1752041597932 0.4679333333333333 0
1752041613668 0.0 0
1752041629314 0.0 0
1752041645008 0.4206 0
1752041660735 0.0 0
1752041676458 0.49493333333333334 0
1752041691979 0.495 0
1752041707557 0.4679333333333333 0
1752041715358 1.3908 0
1752041731043 0.0 0
1752041746644 0.0 0
1752041762221 0.47173333333333334 0
1752041777946 0.0 0
1752041793728 0.4225333333333333 0
1752041809430 0.0 0
1752041825096 0.4552 0
1752041840773 0.0 0
1752041856593 0.4458 0
1752041872182 0.4881333333333333 0
1752041887882 0.4766666666666667 0
1752041903639 0.42046666666666666 0
1752041919262 0.48473333333333335 0
1752041931261 1.3166666666666667 0
1752041946880 0.0 0
1752041962510 0.4858 0
1752041978940 0.4692 0
1752041994626 0.45126666666666665 0
1752042010165 0.493 0
1752042025787 0.45613333333333334 0
1752042041433 0.475 0
1752042057068 0.4638 0
1752042072753 0.4855333333333333 0
1752042088548 0.4838 0
1752042104273 0.41946666666666665 0
1752042119908 0.4552 0
1752042135626 0.4397333333333333 0
1752042151291 0.48593333333333333 0
1752042157590 1.4012666666666667 0
1752042173223 0.0 0
1752042188703 0.43893333333333334 0
1752042204382 0.4892666666666667 0
1752042220032 0.4366 0
1752042235519 0.4828 0
1752042251017 0.4108 0
1752042257572 0.9170666666666667 0
1752042273104 0.40726666666666667 0
1752042288650 0.0 0
1752042304085 0.0 0
1752042319778 0.0 0
1752042335507 0.0 0
1752042351132 0.4914 0
1752042366880 0.0 0
1752042382542 0.4294 0
1752042398199 0.4106666666666667 0
1752042408375 1.3493333333333333 0
1752042423880 0.4008 0
1752042439310 0.4749333333333333 0
1752042450226 1.3316 0
1752042465801 0.41473333333333334 0
1752042478613 1.2953333333333332 0
1752042494085 0.0 0
1752042509897 0.0 0
1752042525479 0.434 0
1752042541019 0.46699999999999997 0
1752042556587 0.4672 0
1752042566747 0.8734666666666666 0
1752042582573 0.0 0
1752042598189 0.0 0
1752042613823 0.458 0
1752042629444 0.47173333333333334 0
1752042644754 1.2456666666666667 0
1752042660329 0.0 0
1752042675828 0.0 0
1752042691429 0.0 0
1752042707020 0.0 0
1752042722612 0.0 0
1752042738155 0.0 0
1752042753916 0.0 0
1752042769539 0.0 0
1752042785106 0.0 0
1752042791838 1.3894 0
1752042807263 0.4812 0
1752042822783 0.4334 0
1752042838425 0.43133333333333335 0
1752042854048 0.4766666666666667 0
1752042869704 0.0 0
1752042885233 0.4818 0
1752042900827 0.4734 0
1752042916361 0.47286666666666666 0
1752042931953 0.0 0
1752042944885 1.2833999999999999 0
1752042960486 0.4286 0
1752042976234 0.4782 0
1752042986750 1.3375333333333332 0
1752043002304 0.4530666666666667 0
1752043009541 1.3992 0
1752043024422 1.2401333333333333 0
1752043034370 1.3488 0
1752043049973 0.0 0
1752043065684 0.4592 0
1752043081344 0.0 0
1752043096952 0.4786666666666667 0
1752043105417 1.3815333333333335 0
1752043121147 0.0 0
1752043132168 1.2975999999999999 0
1752043147777 0.0 0
1752043163277 0.46326666666666666 0
1752043178839 0.4686666666666667 0
1752043194447 0.0 0
1752043209873 0.469 0
1752043225547 0.0 0
1752043241227 0.4388666666666667 0
1752043256563 1.283 0
1752043268774 1.3200666666666667 0
1752043284517 0.44853333333333334 0
1752043294048 0.8802666666666666 0
1752043309629 0.4942 0
1752043325277 0.46486666666666665 0
1752043340918 0.4703333333333333 0
1752043356504 0.0 0
1752043372052 0.46673333333333333 0
1752043387642 0.0 0
1752043403225 0.4669333333333333 0
1752043418808 0.448 0
1752043430067 1.3463333333333334 0
1752043445619 0.0 0
1752043461154 0.0 0
1752043476883 0.45653333333333335 0
1752043492443 0.45153333333333334 0
1752043503299 1.3528 0
1752043518703 0.49233333333333335 0
1752043534256 0.4608 0
1752043549979 0.0 0
1752043565527 0.0 0
1752043581196 0.4918666666666667 0
1752043596869 0.484 0
1752043612500 0.0 0
1752043627920 0.4723333333333333 0
1752043639143 1.3046666666666666 0
1752043654818 0.43679999999999997 0
1752043664261 1.3638000000000001 0
1752043679759 0.4070666666666667 0
1752043695234 0.47153333333333336 0
1752043702400 1.3981333333333332 0
1752043718084 0.0 0
1752043733582 0.4946 0
1752043747800 1.2730666666666666 0
1752043763441 0.0 0
1752043779172 0.4218 0
1752043794867 0.47173333333333334 0
1752043810598 0.0 0
1752043826361 0.0 0
1752043842207 0.0 0
1752043857884 0.0 0
1752043873519 0.0 0
1752043887980 1.268 0
1752043903611 0.4431333333333333 0
1752043919075 0.41606666666666664 0
1752043934580 0.48246666666666665 0
1752043950229 0.4619333333333333 0
1752043965806 0.0 0
1752043981409 0.0 0
1752043995618 1.3081333333333334 0
1752044009857 1.3127333333333333 0
1752044025447 0.4814 0
1752044041195 0.4152666666666667 0
1752044056908 0.47173333333333334 0
1752044072610 0.0 0
1752044088308 0.0 0
1752044103940 0.0 0
1752044115406 1.3239333333333332 0
1752044125546 0.876 0
1752044141683 0.44593333333333335 0
1752044157310 0.48206666666666664 0
1752044173456 0.0 0
1752044188148 1.2659333333333334 0
1752044204367 0.4774 0
1752044220341 0.44326666666666664 0
1752044236491 0.47646666666666665 0
1752044252437 0.0 0
1752044268246 0.48693333333333333 0
1752044283834 0.4040666666666667 0
1752044299906 0.0 0
1752044315736 0.4366 0
1752044331589 0.0 0
1752044341755 1.324 0
1752044357826 0.41513333333333335 0
1752044374204 0.48106666666666664 0
1752044390090 0.4664666666666667 0
1752044405928 0.0 0
1752044421950 0.4922666666666667 0
1752044437085 0.8130666666666666 0
1752044448655 1.3398666666666668 0
1752044464623 0.47406666666666664 0
1752044472929 1.3894 0
1752044489120 0.0 0
1752044496362 0.9104 0
1752044504651 1.3759333333333332 0
1752044516447 1.3153333333333332 0
1752044532067 0.4534 0
1752044547840 0.4352 0
1752044563568 0.4554 0
1752044579110 0.4534666666666667 0
1752044594826 0.4234 0
1752044610414 0.0 0
1752044625994 0.4824 0
1752044641663 0.0 0
1752044657289 0.44106666666666666 0
1752044672825 0.42406666666666665 0
1752044688402 0.49073333333333335 0
1752044697981 1.3721333333333332 0
1752044713652 0.4602 0
1752044729439 0.4876 0
1752044745102 0.4676666666666667 0
1752044760855 0.0 0
1752044776568 0.0 0
1752044792261 0.49133333333333334 0
1752044807903 0.45453333333333334 0
1752044823522 0.0 0
1752044839206 0.0 0
1752044854908 0.45826666666666666 0
1752044870600 0.47746666666666665 0
1752044886258 0.4164 0
1752044901991 0.4758 0
1752044917899 0.4404 0
1752044933660 0.44133333333333336 0
1752044949303 0.4926 0
1752044965220 0.0 0
1752044981009 0.48606666666666665 0
1752044996858 0.48933333333333334 0
1752045012706 0.48133333333333334 0
1752045028376 0.4619333333333333 0
1752045043986 0.484 0
1752045059693 0.4861333333333333 0
1752045075473 0.4237333333333333 0
1752045090570 1.2818 0
1752045106283 0.0 0
1752045117409 1.3172666666666666 0
1752045132930 0.46786666666666665 0
1752045142105 1.3686 0
1752045157795 0.469 0
1752045173529 0.45953333333333335 0
1752045189187 0.46973333333333334 0
1752045204810 0.47286666666666666 0
1752045220721 0.4287333333333333 0
1752045233959 0.8325333333333333 0
1752045249810 0.0 0
1752045265590 0.4278 0
1752045281502 0.4816666666666667 0
1752045297100 0.41706666666666664 0
1752045312767 0.0 0
1752045328468 0.0 0
1752045344334 0.0 0
1752045360242 0.0 0
1752045375975 0.4841333333333333 0
1752045391829 0.4045333333333333 0
1752045407511 0.46226666666666666 0
1752045423197 0.4603333333333333 0
1752045438875 0.0 0
1752045454601 0.4529333333333333 0
1752045470355 0.4693333333333333 0
1752045486230 0.4421333333333333 0
1752045502155 0.472 0
1752045516073 1.3175999999999999 0
1752045531752 0.0 0
1752045547357 0.4718 0
1752045563577 0.42066666666666663 0
1752045579672 0.4416 0
1752045595450 0.47313333333333335 0
1752045611277 0.4842 0
1752045626531 1.2402666666666666 0
1752045642522 0.42906666666666665 0
1752045658393 0.41313333333333335 0
1752045674269 0.4265333333333333 0
1752045690032 0.4779333333333333 0
1752045706086 0.4288 0
1752045722000 0.473 0
1752045737931 0.49046666666666666 0
1752045753581 0.0 0
1752045769245 0.4842666666666667 0
1752045784962 0.49206666666666665 0
1752045800553 0.46586666666666665 0
1752045816407 0.0 0
1752045832120 0.4231333333333333 0
1752045847837 0.4352 0
1752045863727 0.0 0
1752045879705 0.0 0
1752045895437 0.0 0
1752045911184 0.0 0
1752045926931 0.0 0
1752045942853 0.0 0
1752045958748 0.4614666666666667 0
1752045974692 0.0 0
1752045990434 0.4908 0
1752046000691 1.3654 0
1752046016355 0.4918 0
1752046032116 0.40586666666666665 0
1752046047744 0.47433333333333333 0
1752046063358 0.4755333333333333 0
1752046079145 0.0 0
1752046094920 0.40926666666666667 0
1752046110838 0.4954 0
1752046126690 0.475 0
1752046142551 0.0 0
1752046158366 0.47906666666666664 0
1752046174483 0.0 0
1752046190307 0.4592 0
1752046206145 0.0 0
1752046222002 0.0 0
1752046230700 1.3794 0
1752046246332 0.4202 0
1752046261888 0.47313333333333335 0
1752046277508 0.4258 0
1752046293194 0.4312 0
1752046308870 0.4421333333333333 0
1752046320183 1.3334666666666668 0
1752046335952 0.4898 0
1752046342706 1.3923999999999999 0
1752046358651 0.0 0
1752046374572 0.0 0
1752046390324 0.0 0
1752046406075 0.4912666666666667 0
1752046421985 0.0 0
1752046437787 0.4432 0
1752046453496 0.47686666666666666 0
1752046469253 0.4868 0
1752046484924 0.4699333333333333 0
1752046500255 0.8054666666666667 0
1752046515950 0.48873333333333335 0
1752046531723 0.46686666666666665 0
1752046547509 0.0 0
1752046563144 0.48086666666666666 0
1752046575480 1.2812666666666666 0
1752046591370 0.0 0
1752046607343 0.0 0
1752046623068 0.4875333333333333 0
1752046638789 0.0 0
1752046654512 0.4404 0
1752046670362 0.4848 0
1752046686260 0.4876666666666667 0
1752046702034 0.43493333333333334 0
1752046717826 0.46213333333333334 0
1752049011739 0.45953333333333335 0
1752049035291 0.4553333333333333 0
1752049047634 1.3914 0
1752049074349 0.418 0
1752049107161 0.4640666666666667 0
1752049151485 0.4002 0
1752049190724 0.44293333333333335 0
1752049234419 0.0 0
1752049279522 0.4302 0
1752049317139 0.46826666666666666 0
1752049353570 0.0 0
1752049397956 0.4818 0
1752049434859 0.4372 0
1752049467844 0.4124 0
1752049503759 0.4533333333333333 0
1752049539354 0.47286666666666666 0
1752049582997 0.0 0
1752049623781 0.4824 0
1752049664689 0.4088 0
1752049704171 0.0 0
1752049738929 0.4916 0
1752049775767 0.0 0
1752049811849 0.44953333333333334 0
1752053185715 0.4921333333333333 0
1752053213423 0.4646666666666667 0
1752053239296 0.0 0
1752053267231 0.0 0
1752053303872 0.4670666666666667 0
1752053340500 0.48133333333333334 0
1752053362024 1.3838666666666666 0
1752053403463 0.0 0
1752053458808 0.48146666666666665 0
1752053486426 1.3881333333333332 0
1752053545638 0.48846666666666666 0
1752053610732 0.42406666666666665 0
1752053642374 1.3913333333333333 0
1752053709958 0.4876666666666667 0
1752053774957 0.0 0
1752053838060 0.0 0
1752053897874 0.4144 0
1752053952058 0.4452 0
1752054011668 0.41446666666666665 0
1752054056794 0.4874 0
1752054096293 1.3035333333333332 0
1752054138803 0.4478 0
1752054157253 0.9093333333333333 0
1752054199104 0.49373333333333336 0
1752054239886 0.41913333333333336 0
1752054283340 0.4858 0
1752054324741 0.0 0
1752055258921 0.4888 0
1752058444385 0.46586666666666665 0
1752058465816 0.41226666666666667 0
1752058486587 0.47286666666666666 0
1752058508615 0.45986666666666665 0
1752058528548 0.4358666666666667 0
1752058547773 0.47606666666666664 0
1752058572337 0.47026666666666667 0
1752058594675 0.47246666666666665 0
1752058615461 0.44266666666666665 0
1752058636775 0.0 0
1752058659231 0.44233333333333336 0
1752058679124 0.41666666666666663 0
1752058698762 0.4932666666666667 0
1752058721018 0.48160000000000003 0
1752058740294 0.0 0
1752058760035 0.41386666666666666 0
1752058779065 0.44806666666666667 0
1752058796955 0.4834 0
1752058816383 0.0 0
1752058834523 0.4256 0
1752058853496 0.48686666666666667 0
1752058866541 1.3557333333333332 0
1752058885340 0.4633333333333333 0
1752058903160 0.4368666666666667 0
1752058922148 0.49233333333333335 0
1752058941274 0.0 0
1752058960693 0.4284 0
1752058979605 0.4694 0
1752058998314 0.4414666666666667 0
1752059016508 0.48946666666666666 0
1752059035445 0.4872666666666667 0
1752059054093 0.4424666666666667 0
1752059072335 0.0 0
1752059090777 0.0 0
1752059109341 0.0 0
1752059128434 0.42493333333333333 0
1752059147257 0.49106666666666665 0
1752059165242 0.4354 0
1752059184834 0.4895333333333333 0
1752059223181 0.4815333333333333 0
